#  radius  density  temperature  c12  o16  ne20  ne22  
596
2.000000000000000e+05 1.398894579206377e+09 1.971756594012764e+08 5.816975240850287e-02 4.438970671781852e-01 4.251705420942565e-01 7.276263831905549e-02 
6.000000000000000e+05 1.398771028075948e+09 1.971670195258160e+08 5.816975240850301e-02 4.438975312434327e-01 4.251709865821513e-01 7.276172976591277e-02 
1.000000000000000e+06 1.398473486894641e+09 1.971462033064651e+08 5.816975240850356e-02 4.438986968530810e-01 4.251721030186468e-01 7.275944771976861e-02 
1.400000000000000e+06 1.398183977462934e+09 1.971259422217377e+08 5.816975240850474e-02 4.438998588705802e-01 4.251732160145442e-01 7.275717270637093e-02 
1.800000000000000e+06 1.397676837068355e+09 1.970904484181894e+08 5.816975240850650e-02 4.439020032232758e-01 4.251752699042013e-01 7.275297446401637e-02 
2.200000000000000e+06 1.397049154595848e+09 1.970465111751843e+08 5.816975240850773e-02 4.439048144900286e-01 4.251779625730632e-01 7.274747052840048e-02 
2.600000000000000e+06 1.396310081688509e+09 1.969947840420466e+08 5.816975240851054e-02 4.439083383871992e-01 4.251813378088578e-01 7.274057139543248e-02 
3.000000000000000e+06 1.395421989120409e+09 1.969326516693764e+08 5.816975240851355e-02 4.439127862210717e-01 4.251855980035483e-01 7.273186336686642e-02 
3.400000000000000e+06 1.394439843956071e+09 1.968639746118202e+08 5.816975240851890e-02 4.439180448297836e-01 4.251906347692540e-01 7.272156799244350e-02 
3.800000000000000e+06 1.393333541254694e+09 1.967865702148447e+08 5.816975240852460e-02 4.439243220028560e-01 4.251966471294936e-01 7.270927845912574e-02 
4.200000000000000e+06 1.392105474229863e+09 1.967005997529350e+08 5.816975240853210e-02 4.439316147276303e-01 4.252036321987360e-01 7.269500066510143e-02 
4.600000000000000e+06 1.390756683441542e+09 1.966062730689060e+08 5.816975240853862e-02 4.439400319079943e-01 4.252116942865001e-01 7.267852139696701e-02 
5.000000000000000e+06 1.389281803069408e+09 1.965033246359073e+08 5.816975240855161e-02 4.439497949215934e-01 4.252210454314037e-01 7.265940723845137e-02 
5.400000000000000e+06 1.387675106641091e+09 1.963912147711725e+08 5.816975240856279e-02 4.439610304953249e-01 4.252318070140726e-01 7.263741008203968e-02 
5.800000000000000e+06 1.385933201565501e+09 1.962694868837198e+08 5.816975240857682e-02 4.439737666678708e-01 4.252440058903058e-01 7.261247503324651e-02 
6.200000000000000e+06 1.384063800867081e+09 1.961387939998089e+08 5.816975240859607e-02 4.439880474435677e-01 4.252576842080673e-01 7.258451593976908e-02 
6.600000000000000e+06 1.382099397327191e+09 1.960017301609450e+08 5.816975240861317e-02 4.440041374872528e-01 4.252730954668964e-01 7.255301463723764e-02 
7.000000000000000e+06 1.380027369294770e+09 1.958572877252681e+08 5.816975240863039e-02 4.440219339912562e-01 4.252901411962208e-01 7.251817240389259e-02 
7.400000000000000e+06 1.377824974755225e+09 1.957038301378164e+08 5.816975240865547e-02 4.440420474682654e-01 4.253094061532486e-01 7.247879396983052e-02 
7.800000000000000e+06 1.375492670420809e+09 1.955413902643754e+08 5.816975240867944e-02 4.440644656577740e-01 4.253308785946983e-01 7.243490333884825e-02 
8.200000000000000e+06 1.373034779522912e+09 1.953702792122134e+08 5.816975240870483e-02 4.440890725020067e-01 4.253544473588846e-01 7.238672773040394e-02 
8.600000000000000e+06 1.370476679329118e+09 1.951919934842920e+08 5.816975240873641e-02 4.441167202575770e-01 4.253809287485811e-01 7.233259858510549e-02 
9.000000000000000e+06 1.367810699492690e+09 1.950060807586015e+08 5.816975240876913e-02 4.441471513276590e-01 4.254100760341108e-01 7.227302022946115e-02 
9.400000000000000e+06 1.365034340951194e+09 1.948123936648899e+08 5.816975240880434e-02 4.441802817850701e-01 4.254418088288936e-01 7.220815697723185e-02 
9.800000000000000e+06 1.362166141196826e+09 1.946125601545374e+08 5.816975240884754e-02 4.442167058659972e-01 4.254766963003088e-01 7.213684542484645e-02 
1.020000000000000e+07 1.359217110340209e+09 1.944075471288379e+08 5.816975240888705e-02 4.442567765096088e-01 4.255150764981491e-01 7.205839458335504e-02 
1.060000000000000e+07 1.356175443594232e+09 1.941963178984975e+08 5.816975240892784e-02 4.443001153026796e-01 4.255565869731994e-01 7.197354531519311e-02 
1.100000000000000e+07 1.352971216178463e+09 1.939749223120340e+08 5.816975240898010e-02 4.443490704640419e-01 4.256034768808531e-01 7.187770024612497e-02 
1.140000000000000e+07 1.349629532759716e+09 1.937447785681942e+08 5.816975240903074e-02 4.444027989270288e-01 4.256549387206218e-01 7.177250994331878e-02 
1.180000000000000e+07 1.346186359564407e+09 1.935086820539612e+08 5.816975240908116e-02 4.444618159805408e-01 4.257114660429713e-01 7.165696556740689e-02 
1.220000000000000e+07 1.342652948030610e+09 1.932675286962087e+08 5.816975240914318e-02 4.445263311965664e-01 4.257732595789269e-01 7.153065681536337e-02 
1.260000000000000e+07 1.339017593825393e+09 1.930207847335733e+08 5.816975240921071e-02 4.445979245212606e-01 4.258418326219763e-01 7.139049044755245e-02 
1.300000000000000e+07 1.335255204512399e+09 1.927770766855082e+08 5.816975240942122e-02 4.447240972468386e-01 4.259626825443772e-01 7.114346779936301e-02 
1.340000000000000e+07 1.331377303242154e+09 1.925324430123096e+08 5.816975240971381e-02 4.448830354475690e-01 4.261149156766559e-01 7.083229646606119e-02 
1.380000000000000e+07 1.327388792597286e+09 1.922872270602826e+08 5.816975241006551e-02 4.450711119159270e-01 4.262950578310006e-01 7.046407784300712e-02 
1.420000000000000e+07 1.323327194329430e+09 1.920440566187295e+08 5.816975241027165e-02 4.452605659389914e-01 4.264765194256758e-01 7.009316222506123e-02 
1.460000000000000e+07 1.319172669273014e+09 1.918015422763121e+08 5.816975241043994e-02 4.454660756528634e-01 4.266733593755392e-01 6.969081256115732e-02 
1.500000000000000e+07 1.314919840065811e+09 1.915585400725482e+08 5.816975241059655e-02 4.456922419018625e-01 4.268899844306501e-01 6.924802125689092e-02 
1.540000000000000e+07 1.310557071964171e+09 1.913125748741288e+08 5.816975241076910e-02 4.459490193153036e-01 4.271359292682309e-01 6.874529900569644e-02 
1.580000000000000e+07 1.306091297662659e+09 1.910652269872792e+08 5.816975241096041e-02 4.462308311701746e-01 4.274058524282279e-01 6.819356399063715e-02 
1.620000000000000e+07 1.301518900889687e+09 1.908197113653835e+08 5.816975241112229e-02 4.465541767557893e-01 4.277155571505433e-01 6.756051368254518e-02 
1.660000000000000e+07 1.296841339928069e+09 1.905747315597768e+08 5.816975241126906e-02 4.469124026376431e-01 4.280586706866965e-01 6.685917426439145e-02 
1.700000000000000e+07 1.292065418548609e+09 1.903219664843275e+08 5.816975241143914e-02 4.473238402141529e-01 4.284527510947383e-01 6.605365627966948e-02 
1.740000000000000e+07 1.287189373375048e+09 1.900635727690583e+08 5.816975241161350e-02 4.477837384178069e-01 4.288932477393371e-01 6.515326143124250e-02 
1.780000000000000e+07 1.282200604232464e+09 1.898071599749366e+08 5.816975241176423e-02 4.483107647784850e-01 4.293980406294438e-01 6.412144218030699e-02 
1.820000000000000e+07 1.277100779385245e+09 1.895517442286249e+08 5.816975241193414e-02 4.489022883103147e-01 4.299646097718591e-01 6.296334950589204e-02 
1.860000000000000e+07 1.271909751876846e+09 1.893040341650029e+08 5.816975241211562e-02 4.495640384404929e-01 4.305984428885916e-01 6.166776625879988e-02 
1.900000000000000e+07 1.266656445572003e+09 1.890754091924512e+08 5.816975241225734e-02 4.503075914529615e-01 4.313106278989009e-01 6.021202823588030e-02 
1.940000000000000e+07 1.261318054751748e+09 1.888598788279818e+08 5.816975241243134e-02 4.511284343926505e-01 4.320968422343319e-01 5.860497096058633e-02 
1.980000000000000e+07 1.255852826046757e+09 1.886616787644059e+08 5.816975241255173e-02 4.520418327274024e-01 4.329717073636719e-01 5.681670749637389e-02 
2.020000000000000e+07 1.250274698735375e+09 1.884721327490552e+08 5.816975241278374e-02 4.530939894176552e-01 4.339794770999226e-01 5.475678106963847e-02 
2.060000000000000e+07 1.244578263969280e+09 1.882815689381835e+08 5.816975241319571e-02 4.543590789482457e-01 4.351911967559627e-01 5.227997188259581e-02 
2.100000000000000e+07 1.238815756533198e+09 1.881185730360245e+08 5.816975241340715e-02 4.556007654001272e-01 4.363805006304721e-01 4.984898155599339e-02 
2.140000000000000e+07 1.232983094710624e+09 1.879556744404311e+08 5.816975241354688e-02 4.568415043447822e-01 4.375688969690704e-01 4.741984627260060e-02 
2.180000000000000e+07 1.227077196142695e+09 1.877404067943166e+08 5.816975241375259e-02 4.581069997182605e-01 4.387810053472366e-01 4.494224252075030e-02 
2.220000000000000e+07 1.221012059774742e+09 1.873118966503476e+08 5.816975241648720e-02 4.598325860148139e-01 4.404337949585596e-01 4.156386661013932e-02 
2.260000000000000e+07 1.214959231124960e+09 1.868435380780395e+08 5.816975241784608e-02 4.611954214948980e-01 4.417391369907465e-01 3.889568909650937e-02 
2.300000000000000e+07 1.208916667443542e+09 1.863881312929089e+08 5.816975241850875e-02 4.621751070488155e-01 4.426774929046273e-01 3.697764762804837e-02 
2.340000000000000e+07 1.202808998599634e+09 1.859260104741648e+08 5.816975242100489e-02 4.631185204834824e-01 4.435811068975088e-01 3.513062019800380e-02 
2.380000000000000e+07 1.196704291891258e+09 1.854589165946384e+08 5.816975242776076e-02 4.638472407290204e-01 4.442790848849795e-01 3.370392195823942e-02 
2.420000000000000e+07 1.190606725205598e+09 1.849864481812597e+08 5.816975243510952e-02 4.643078582725735e-01 4.447202705224926e-01 3.280211876982436e-02 
2.460000000000000e+07 1.184523506099878e+09 1.845081975869261e+08 5.816975243921416e-02 4.644299548084188e-01 4.448372162156282e-01 3.256307653673896e-02 
2.500000000000000e+07 1.178368606537274e+09 1.840226123970926e+08 5.816975244364261e-02 4.644870162252409e-01 4.448918704029594e-01 3.245136092815717e-02 
2.540000000000000e+07 1.172150819872270e+09 1.835305292939358e+08 5.816975245073332e-02 4.645065767252224e-01 4.449106057107350e-01 3.241306511330923e-02 
2.580000000000000e+07 1.165890011632381e+09 1.830527690398380e+08 5.817176824613294e-02 4.645052826907732e-01 4.449161751156434e-01 3.240677394745056e-02 
2.620000000000000e+07 1.159595371299115e+09 1.825992444892669e+08 5.817675685189591e-02 4.644944367825968e-01 4.449226370531425e-01 3.240616931236477e-02 
2.660000000000000e+07 1.153257673799713e+09 1.825084451383047e+08 5.818100457931172e-02 4.644818212063315e-01 4.449249022399600e-01 3.241227197439693e-02 
2.700000000000000e+07 1.141888613477675e+09 1.834180250315228e+08 5.818236491610135e-02 4.644786967474583e-01 4.449265014054592e-01 3.241243693098098e-02 
2.740000000000000e+07 1.140412605327001e+09 1.835014760781708e+08 5.818258641928020e-02 4.644782134866070e-01 4.449267870680101e-01 3.241241302610259e-02 
2.780000000000000e+07 1.134512323897515e+09 1.841338608494954e+08 5.818346314061777e-02 4.644763006774029e-01 4.449279186878836e-01 3.241231749409584e-02 
2.820000000000000e+07 1.127461098450204e+09 1.899434608452463e+08 5.818453083683267e-02 4.644739732905628e-01 4.449292964172758e-01 3.241219945532885e-02 
2.860000000000000e+07 1.120778950975500e+09 1.982608438957033e+08 5.818554378725536e-02 4.644717675096397e-01 4.449306063582619e-01 3.241208234484310e-02 
2.900000000000000e+07 1.114035466023355e+09 2.084961722132401e+08 5.818656798502530e-02 4.644695393592587e-01 4.449319365161070e-01 3.241195613960912e-02 
2.940000000000000e+07 1.107675153738481e+09 2.159995015850371e+08 5.818754318646902e-02 4.644674194701755e-01 4.449332075276934e-01 3.241182981566187e-02 
2.980000000000000e+07 1.100559761733497e+09 2.209686706170923e+08 5.818864622964665e-02 4.644650247846249e-01 4.449346503587356e-01 3.241167862699294e-02 
3.020000000000000e+07 1.093730616247851e+09 2.255089593584163e+08 5.818971198307584e-02 4.644627154138026e-01 4.449360522326277e-01 3.241152037049385e-02 
3.060000000000000e+07 1.087131279537845e+09 2.278182455564457e+08 5.819077973672112e-02 4.644604553597777e-01 4.449374119911430e-01 3.241135291235826e-02 
3.100000000000000e+07 1.080590365972622e+09 2.330353706775831e+08 5.888216279588559e-02 4.644211741395732e-01 4.443231334357537e-01 3.237352962878749e-02 
3.140000000000000e+07 1.072709964873948e+09 2.354774011043220e+08 8.316563810268744e-02 4.628988481140023e-01 4.228964718163340e-01 3.103904196697608e-02 
3.180000000000000e+07 1.065427287199168e+09 2.413584330952402e+08 1.209690201434868e-01 4.599124454068145e-01 3.903664761978388e-01 2.875205825186001e-02 
3.220000000000000e+07 1.058070492734905e+09 2.529622419833854e+08 1.438521279391564e-01 4.569953683634471e-01 3.716221968745618e-01 2.753030682283470e-02 
3.260000000000000e+07 1.050974101530384e+09 2.679377878498433e+08 1.503306929752372e-01 4.544482048503889e-01 3.680125436938612e-01 2.720855848051280e-02 
3.300000000000000e+07 1.043873967674439e+09 2.838182625548397e+08 1.461275465135001e-01 4.521571583514534e-01 3.743455160992693e-01 2.736977903577727e-02 
3.340000000000000e+07 1.036797381696572e+09 3.096756560810061e+08 1.388128310592968e-01 4.503206461017447e-01 3.832190527454686e-01 2.764747009348990e-02 
3.380000000000000e+07 1.028665243484565e+09 4.159581636982073e+08 1.322088872912806e-01 4.493661004736542e-01 3.905568642318824e-01 2.786814800318299e-02 
3.420000000000000e+07 1.008992749304200e+09 1.412412582617549e+09 1.298765451661432e-01 4.491555238538498e-01 3.930293931633170e-01 2.793853781669002e-02 
3.460000000000000e+07 9.990271027952977e+08 1.392933960697998e+09 1.302075886617646e-01 4.491676795022543e-01 3.926947717173770e-01 2.792996011860403e-02 
3.500000000000000e+07 9.962385980571405e+08 1.385930701754573e+09 1.304441167187822e-01 4.491838393270897e-01 3.924488459919065e-01 2.792319796222165e-02 
3.540000000000000e+07 9.894472623380171e+08 1.367936160510571e+09 1.310953925392853e-01 4.492327008727054e-01 3.917677071469805e-01 2.790419944102887e-02 
3.580000000000000e+07 9.824920100159073e+08 1.348435634672729e+09 1.318520703476053e-01 4.492983093747760e-01 3.909681862474191e-01 2.788143403019966e-02 
3.620000000000000e+07 9.758570902390145e+08 1.329492486955566e+09 1.326092677973207e-01 4.493725207663538e-01 3.901601270482481e-01 2.785808438807751e-02 
3.660000000000000e+07 9.691498098437465e+08 1.310604447808208e+09 1.333781791160414e-01 4.494564100492418e-01 3.893315562693937e-01 2.783385456532320e-02 
3.700000000000000e+07 9.624888433857087e+08 1.292276992660181e+09 1.341271273649261e-01 4.495460956754799e-01 3.885169886859152e-01 2.780978827367872e-02 
3.740000000000000e+07 9.558788967898092e+08 1.274618772965621e+09 1.348469851262238e-01 4.496394266494566e-01 3.877273379558322e-01 2.778625026848746e-02 
3.780000000000000e+07 9.483162203717539e+08 1.255311517880831e+09 1.356302210272912e-01 4.497494361481041e-01 3.868601772221463e-01 2.776016560245858e-02 
3.820000000000000e+07 9.419303950360112e+08 1.239720189307016e+09 1.362585135793523e-01 4.498436179888045e-01 3.861589545324490e-01 2.773891389939429e-02 
3.860000000000000e+07 9.349335460234495e+08 1.223358637858298e+09 1.369112193914891e-01 4.499471215788260e-01 3.854251302036498e-01 2.771652882603513e-02 
3.900000000000000e+07 9.280964212493120e+08 1.208145959834438e+09 1.375117466964049e-01 4.500476986181325e-01 3.847449073791014e-01 2.769564730636124e-02 
3.940000000000000e+07 9.197815202248974e+08 1.190552420127076e+09 1.381964844333261e-01 4.501683328785235e-01 3.839636594543939e-01 2.767152323375656e-02 
3.980000000000000e+07 9.145770624172306e+08 1.180004902846286e+09 1.386017753298626e-01 4.502426787003918e-01 3.834984546996812e-01 2.765709127006443e-02 
4.020000000000000e+07 9.060316743343199e+08 1.163514354869751e+09 1.392252303799366e-01 4.503618985823671e-01 3.827782290885119e-01 2.763464194918444e-02 
4.060000000000000e+07 8.995549801448311e+08 1.151567901687984e+09 1.396703518300819e-01 4.504500992196291e-01 3.822610910070931e-01 2.761845794319590e-02 
4.100000000000000e+07 8.934676505746102e+08 1.140744091763661e+09 1.400677276775706e-01 4.505311421140359e-01 3.817972354049313e-01 2.760389480346214e-02 
4.140000000000000e+07 8.876456025345570e+08 1.130736372870634e+09 1.404297696440384e-01 4.506068868870667e-01 3.813728113461828e-01 2.759053212271196e-02 
4.180000000000000e+07 8.789867881379496e+08 1.116423295740654e+09 1.409387029779838e-01 4.507163415407010e-01 3.807733535533637e-01 2.757160192795129e-02 
4.220000000000000e+07 8.736955521191130e+08 1.108047077550464e+09 1.412308481228957e-01 4.507809875226513e-01 3.804275166611436e-01 2.756064769330930e-02 
4.260000000000000e+07 8.653639841271774e+08 1.095290677243258e+09 1.416681174862022e-01 4.508798965042739e-01 3.799078367365959e-01 2.754414927292806e-02 
4.300000000000000e+07 8.581159904387172e+08 1.084595137733471e+09 1.420274031073701e-01 4.509631016812019e-01 3.794789935918634e-01 2.753050161956469e-02 
4.340000000000000e+07 8.512407267248020e+08 1.074698383899628e+09 1.423543477652137e-01 4.510401432234455e-01 3.790874886734028e-01 2.751802033793801e-02 
4.380000000000000e+07 8.431997873788378e+08 1.063619007670968e+09 1.427115564876680e-01 4.511264140074703e-01 3.786577427510703e-01 2.750428675379142e-02 
4.420000000000000e+07 8.361790346641439e+08 1.054199078373705e+09 1.430098894378867e-01 4.511996444863373e-01 3.782977033400322e-01 2.749276273574385e-02 
4.460000000000000e+07 8.307555160399486e+08 1.047091421410275e+09 1.432308310795787e-01 4.512546726401966e-01 3.780303041780644e-01 2.748419210216019e-02 
4.500000000000000e+07 8.254573118527110e+08 1.040245669985483e+09 1.434410140166051e-01 4.513075401467391e-01 3.777754304756757e-01 2.747601536098005e-02 
4.540000000000000e+07 8.166708474563107e+08 1.029230421099883e+09 1.437721925273996e-01 4.513921791563134e-01 3.773725568103325e-01 2.746307150595438e-02 
4.580000000000000e+07 8.084719100138206e+08 1.019292525455119e+09 1.440629982115507e-01 4.514678711427992e-01 3.770174858711216e-01 2.745164477452843e-02 
4.620000000000000e+07 8.022327740374767e+08 1.011846985534492e+09 1.442772925245095e-01 4.515242377599723e-01 3.767552712138952e-01 2.744319850162305e-02 
4.660000000000000e+07 7.959683416167053e+08 1.004524009552471e+09 1.444842637982016e-01 4.515792850870717e-01 3.765014367774862e-01 2.743501433724047e-02 
4.700000000000000e+07 7.891990604044275e+08 9.967225896265235e+08 1.447011709057091e-01 4.516375037044365e-01 3.762349111190714e-01 2.742641427078297e-02 
4.740000000000000e+07 7.836252221518435e+08 9.904655931181341e+08 1.448713513674154e-01 4.516837590420928e-01 3.760252474883339e-01 2.741964210215777e-02 
4.780000000000000e+07 7.755507906002634e+08 9.814937415037141e+08 1.451116692400364e-01 4.517495611000193e-01 3.757287115720823e-01 2.741005808786190e-02 
4.820000000000000e+07 7.699239434954892e+08 9.753829140510312e+08 1.452716776335898e-01 4.517938584682903e-01 3.755308078418306e-01 2.740365605628924e-02 
4.860000000000000e+07 7.619657297510787e+08 9.668199766985466e+08 1.454926935710244e-01 4.518554422357407e-01 3.752570682599937e-01 2.739479593324114e-02 
4.900000000000000e+07 7.552011880602003e+08 9.596781431181188e+08 1.456729721037978e-01 4.519061605222440e-01 3.750333193752032e-01 2.738754799875494e-02 
4.940000000000000e+07 7.484929525961046e+08 9.527213393109936e+08 1.458449305544901e-01 4.519549464753126e-01 3.748195060284338e-01 2.738061694176343e-02 
4.980000000000000e+07 7.400056214959791e+08 9.440205958909593e+08 1.460560290673548e-01 4.520152535094331e-01 3.745566272012628e-01 2.737209022194929e-02 
5.020000000000000e+07 7.350457023961104e+08 9.389995428812715e+08 1.461757844756595e-01 4.520496767413917e-01 3.744072949325342e-01 2.736724385041460e-02 
5.060000000000000e+07 7.283428450137179e+08 9.322307868167200e+08 1.463355481809078e-01 4.520957703665864e-01 3.742079104778722e-01 2.736077097463357e-02 
5.100000000000000e+07 7.190448622076831e+08 9.230387151929033e+08 1.465464420494104e-01 4.521571853652883e-01 3.739441707441143e-01 2.735220184118687e-02 
5.140000000000000e+07 7.157502834637976e+08 9.198242404501024e+08 1.466188556112573e-01 4.521783911068615e-01 3.738534989528972e-01 2.734925432898403e-02 
5.180000000000000e+07 7.084404345470476e+08 9.126847391865387e+08 1.467783720035698e-01 4.522252181873862e-01 3.736536534300112e-01 2.734275637903276e-02 
5.220000000000000e+07 7.018535578992174e+08 9.063340946675515e+08 1.469174601249680e-01 4.522662811747185e-01 3.734791783939122e-01 2.733708030640127e-02 
5.260000000000000e+07 6.945195671515400e+08 8.993561004173511e+08 1.470670662534159e-01 4.523107055628763e-01 3.732912645244413e-01 2.733096365926648e-02 
5.300000000000000e+07 6.890924004632207e+08 8.942217254518263e+08 1.471755829009625e-01 4.523430461375882e-01 3.731548492813475e-01 2.732652168010178e-02 
5.340000000000000e+07 6.822522849570985e+08 8.877526708698254e+08 1.473107972597722e-01 4.523834554262152e-01 3.729847655054321e-01 2.732098180858055e-02 
5.380000000000000e+07 6.770050747955668e+08 8.828687502833636e+08 1.474106848517703e-01 4.524134616912461e-01 3.728589711676178e-01 2.731688228936584e-02 
5.420000000000000e+07 6.716277578417881e+08 8.778578795848804e+08 1.475122577609046e-01 4.524440372257262e-01 3.727309943095436e-01 2.731271070382572e-02 
5.460000000000000e+07 6.628988384884059e+08 8.697902262645988e+08 1.476729163260517e-01 4.524925847089399e-01 3.725283951800625e-01 2.730610378494579e-02 
5.500000000000000e+07 6.565060435898094e+08 8.639296897027400e+08 1.477873752277078e-01 4.525273135614012e-01 3.723839211460355e-01 2.730139006485553e-02 
5.540000000000000e+07 6.520124436440762e+08 8.598691933272703e+08 1.478652105194797e-01 4.525510150943801e-01 3.722855939338618e-01 2.729818045227843e-02 
5.580000000000000e+07 6.438100702786655e+08 8.523781934751492e+08 1.480079389588266e-01 4.525945260978430e-01 3.721052424422135e-01 2.729229250111697e-02 
5.620000000000000e+07 6.376472536924078e+08 8.468275490342618e+08 1.481112465332907e-01 4.526261521523771e-01 3.719745772386666e-01 2.728802407566577e-02 
5.660000000000000e+07 6.312409517622061e+08 8.410469935966985e+08 1.482177962491676e-01 4.526588227799109e-01 3.718397620398068e-01 2.728361893111463e-02 
5.700000000000000e+07 6.251740828600373e+08 8.356343426536584e+08 1.483156371432721e-01 4.526889159461490e-01 3.717158780934739e-01 2.727956881710500e-02 
5.740000000000000e+07 6.191873041695553e+08 8.302749814389923e+08 1.484115850882715e-01 4.527184689092740e-01 3.715943513224821e-01 2.727559467997227e-02 
5.780000000000000e+07 6.104009500075315e+08 8.224719458313751e+08 1.485487091158801e-01 4.527608125391464e-01 3.714205696979620e-01 2.726990864701153e-02 
5.820000000000000e+07 6.064908601766317e+08 8.189788307781076e+08 1.486095456369229e-01 4.527796206595204e-01 3.713434490845543e-01 2.726738461900240e-02 
5.860000000000000e+07 5.992453552038480e+08 8.125874894483016e+08 1.487187743315242e-01 4.528134671524219e-01 3.712049107193127e-01 2.726284779674139e-02 
5.900000000000000e+07 5.943187277945960e+08 8.082191714093215e+08 1.487928414221608e-01 4.528364374526770e-01 3.711109511069360e-01 2.725977001822609e-02 
5.940000000000000e+07 5.898363293945632e+08 8.042780771924425e+08 1.488586466923789e-01 4.528568781494581e-01 3.710274420247781e-01 2.725703313338495e-02 
5.980000000000000e+07 5.822879497326272e+08 7.976293860029783e+08 1.489684946069423e-01 4.528910318515718e-01 3.708880117602648e-01 2.725246178122108e-02 
6.020000000000000e+07 5.740116902907630e+08 7.903881449860135e+08 1.490859225085177e-01 4.529275957590492e-01 3.707389118163461e-01 2.724756991608703e-02 
6.060000000000000e+07 5.703987892451334e+08 7.871983984838328e+08 1.491373084719638e-01 4.529436031720048e-01 3.706736598820912e-01 2.724542847394034e-02 
6.100000000000000e+07 5.651443395856876e+08 7.826071427698584e+08 1.492101820027875e-01 4.529663246394688e-01 3.705811042569273e-01 2.724238910081647e-02 
6.140000000000000e+07 5.554985899279126e+08 7.741664240578697e+08 1.493424500413965e-01 4.530075886652905e-01 3.704130926168687e-01 2.723686867644422e-02 
6.180000000000000e+07 5.528384855921423e+08 7.718355904648054e+08 1.493785862536176e-01 4.530188663402511e-01 3.703671878014748e-01 2.723535960465649e-02 
6.220000000000000e+07 5.470590295739343e+08 7.667861723678277e+08 1.494560724033168e-01 4.530430550504797e-01 3.702687505998566e-01 2.723212194634683e-02 
6.260000000000000e+07 5.402693306792761e+08 7.608625180490899e+08 1.495457684421300e-01 4.530710598845675e-01 3.701548002633747e-01 2.722837140992795e-02 
6.300000000000000e+07 5.334068409500731e+08 7.548766440758721e+08 1.496353640050997e-01 4.530990314330450e-01 3.700409818066476e-01 2.722462275520776e-02 
6.340000000000000e+07 5.299464485318174e+08 7.518457228821428e+08 1.496803808293179e-01 4.531130837637664e-01 3.699837969302759e-01 2.722273847663988e-02 
6.380000000000000e+07 5.243188905815022e+08 7.469312138916159e+08 1.497525766980336e-01 4.531356140348591e-01 3.698920945119731e-01 2.721971475513415e-02 
6.420000000000000e+07 5.206739208204443e+08 7.437632744841284e+08 1.497986079610504e-01 4.531499722130457e-01 3.698336341041656e-01 2.721778572173847e-02 
6.460000000000000e+07 5.131790167534509e+08 7.371984066665714e+08 1.498934252133014e-01 4.531795373296156e-01 3.697132265519339e-01 2.721381090514908e-02 
6.500000000000000e+07 5.076667269191065e+08 7.323795242309659e+08 1.499621889274486e-01 4.532009606089927e-01 3.696259240994960e-01 2.721092636406273e-02 
6.540000000000000e+07 5.045491679237283e+08 7.296645837664961e+08 1.500005724689618e-01 4.532129088723612e-01 3.695772032718978e-01 2.720931538677916e-02 
6.580000000000000e+07 4.967612560014737e+08 7.228302550771694e+08 1.500964359998765e-01 4.532427258023609e-01 3.694555480329609e-01 2.720529016480166e-02 
6.620000000000000e+07 4.913667630428522e+08 7.181016153592482e+08 1.501620612712867e-01 4.532631105249612e-01 3.693722952690337e-01 2.720253293471856e-02 
6.660000000000000e+07 4.855273739910138e+08 7.130039903763126e+08 1.502319345756270e-01 4.532847747146947e-01 3.692836956123098e-01 2.719959509736854e-02 
6.700000000000000e+07 4.822277324887113e+08 7.100741103880886e+08 1.502720629541757e-01 4.532972148951304e-01 3.692328143374985e-01 2.719790781319549e-02 
6.740000000000000e+07 4.754226856021984e+08 7.040859381469216e+08 1.503531491525124e-01 4.533223013617353e-01 3.691300534341159e-01 2.719449605163641e-02 
6.780000000000000e+07 4.701883960495126e+08 6.994683609655199e+08 1.504150292606120e-01 4.533414042236387e-01 3.690516757943358e-01 2.719189072141355e-02 
6.820000000000000e+07 4.649932212240191e+08 6.948821279583304e+08 1.504760882272155e-01 4.533602238935809e-01 3.689743689972759e-01 2.718931888192773e-02 
6.860000000000000e+07 4.598381567764122e+08 6.903232460966296e+08 1.505363260381917e-01 4.533787539271049e-01 3.688981396419879e-01 2.718678039271547e-02 
6.900000000000000e+07 4.547239236861942e+08 6.857889572503319e+08 1.505957467064343e-01 4.533969897279259e-01 3.688229886028522e-01 2.718427496278759e-02 
6.940000000000000e+07 4.496502486231923e+08 6.812800429423244e+08 1.506543900905708e-01 4.534149432058128e-01 3.687488656971268e-01 2.718180100648948e-02 
6.980000000000000e+07 4.446163748754311e+08 6.767994402950604e+08 1.507123009667298e-01 4.534326326579519e-01 3.686757095200776e-01 2.717935685524075e-02 
7.020000000000000e+07 4.396226303379791e+08 6.723457702947543e+08 1.507694960943447e-01 4.534500598308821e-01 3.686035023007420e-01 2.717694177403129e-02 
7.060000000000000e+07 4.346694447860646e+08 6.679163092750626e+08 1.508259869885363e-01 4.534672223413262e-01 3.685322355046709e-01 2.717455516546647e-02 
7.100000000000000e+07 4.297575368689406e+08 6.635064807137389e+08 1.508817998791152e-01 4.534841179980298e-01 3.684618863793773e-01 2.717219574347772e-02 
7.140000000000000e+07 4.248850591776438e+08 6.591273331094100e+08 1.509369685843313e-01 4.535007778200590e-01 3.683923909449796e-01 2.716986265063008e-02 
7.180000000000000e+07 4.200526313824205e+08 6.547755445944695e+08 1.509915038504217e-01 4.535171980459994e-01 3.683237428153435e-01 2.716755528823529e-02 
7.220000000000000e+07 4.152607601553788e+08 6.504469745159044e+08 1.510454349813680e-01 4.535333784018551e-01 3.682559143402417e-01 2.716527227653518e-02 
7.260000000000000e+07 4.105094618109975e+08 6.461410221377733e+08 1.510987791658688e-01 4.535493222287125e-01 3.681888857247217e-01 2.716301288069702e-02 
7.300000000000000e+07 4.057986888192918e+08 6.418577984427626e+08 1.511515593795797e-01 4.535650357704837e-01 3.681226286853988e-01 2.716077616453773e-02 
7.340000000000000e+07 4.011278563883815e+08 6.376043174599872e+08 1.512037738158420e-01 4.535805321150810e-01 3.680571315564342e-01 2.715856251264279e-02 
7.380000000000000e+07 3.964974169730153e+08 6.333732864174933e+08 1.512554647855638e-01 4.535958078893222e-01 3.679923574684735e-01 2.715636985664025e-02 
7.420000000000000e+07 3.919075195355604e+08 6.291620063264792e+08 1.513066528130100e-01 4.536108630767153e-01 3.679282868793434e-01 2.715419723093141e-02 
7.460000000000000e+07 3.873577316111569e+08 6.249736017413390e+08 1.513573596613284e-01 4.536257091034721e-01 3.678648873653471e-01 2.715204386985256e-02 
7.500000000000000e+07 3.828481029300101e+08 6.208081806180923e+08 1.514075882328085e-01 4.536403470308311e-01 3.678021550799419e-01 2.714990965641839e-02 
7.540000000000000e+07 3.783785196080120e+08 6.166678540141778e+08 1.514573487604266e-01 4.536547838060094e-01 3.677400731741104e-01 2.714779425945359e-02 
7.580000000000000e+07 3.739488261087017e+08 6.125566617340822e+08 1.515066234683928e-01 4.536690232387323e-01 3.676786546934587e-01 2.714569859941608e-02 
7.620000000000000e+07 3.695592274873121e+08 6.084629681651592e+08 1.515555119812061e-01 4.536830663427493e-01 3.676178036625702e-01 2.714361801347428e-02 
7.660000000000000e+07 3.652095770973337e+08 6.043892389093118e+08 1.516040037226404e-01 4.536969154201084e-01 3.675575278083819e-01 2.714155304886933e-02 
7.700000000000000e+07 3.608996179087772e+08 6.003375069108789e+08 1.516521052897199e-01 4.537105760810654e-01 3.674978151136536e-01 2.713950351556095e-02 
7.740000000000000e+07 3.566292003702421e+08 5.963127904521337e+08 1.516997899914355e-01 4.537240524694976e-01 3.674386867896153e-01 2.713747074945163e-02 
7.780000000000000e+07 3.523982342624214e+08 5.923114166769397e+08 1.517470993069760e-01 4.537373466624105e-01 3.673801011829196e-01 2.713545284769377e-02 
7.820000000000000e+07 3.482066137820714e+08 5.883317894288142e+08 1.517940567554706e-01 4.537504609416916e-01 3.673220335506639e-01 2.713344875217376e-02 
7.860000000000000e+07 3.440540951714656e+08 5.843708893140974e+08 1.518407091864448e-01 4.537634003716798e-01 3.672644340740249e-01 2.713145636785036e-02 
7.900000000000000e+07 3.399405989991267e+08 5.804319555499279e+08 1.518870356813219e-01 4.537761663396926e-01 3.672073212742369e-01 2.712947670474857e-02 
7.940000000000000e+07 3.358660208833103e+08 5.765159067256892e+08 1.519330375855005e-01 4.537887608610378e-01 3.671506918131465e-01 2.712750974031522e-02 
7.980000000000000e+07 3.318300876863270e+08 5.726197692425368e+08 1.519787660546054e-01 4.538011894361941e-01 3.670944913262733e-01 2.712555318292732e-02 
8.020000000000000e+07 3.278327741923258e+08 5.687448719461286e+08 1.520242123761583e-01 4.538134528497210e-01 3.670387273175291e-01 2.712360745659159e-02 
8.060000000000000e+07 3.238739975702393e+08 5.648925361136377e+08 1.520693745336619e-01 4.538255533660661e-01 3.669833994011507e-01 2.712167269912135e-02 
8.100000000000000e+07 3.199537395614595e+08 5.610646682124710e+08 1.521142412368612e-01 4.538374922901774e-01 3.669285170099074e-01 2.711974946305400e-02 
8.140000000000000e+07 3.160717118346858e+08 5.572585410891643e+08 1.521588567135657e-01 4.538492737712421e-01 3.668740337589126e-01 2.711783575627935e-02 
8.180000000000000e+07 3.122275489132717e+08 5.534703839853415e+08 1.522032746573606e-01 4.538609008949148e-01 3.668198953196879e-01 2.711592912803672e-02 
8.220000000000000e+07 3.084206731160779e+08 5.496950317462387e+08 1.522475740815358e-01 4.538723791242901e-01 3.667660208053791e-01 2.711402598879513e-02 
8.260000000000000e+07 3.046520239280877e+08 5.459502229723039e+08 1.522915440109052e-01 4.538837018382125e-01 3.667126180863519e-01 2.711213606453036e-02 
8.300000000000000e+07 3.009212760572948e+08 5.422317155762398e+08 1.523352449621836e-01 4.538948726326170e-01 3.666596258094069e-01 2.711025659579262e-02 
8.340000000000000e+07 2.972275035692167e+08 5.385281447132244e+08 1.523788386963538e-01 4.539058999455869e-01 3.666068811709614e-01 2.710838018709806e-02 
8.380000000000000e+07 2.935701605440500e+08 5.348340063709719e+08 1.524224084894756e-01 4.539167889249058e-01 3.665542995413981e-01 2.710650304422041e-02 
8.420000000000000e+07 2.899510091000345e+08 5.311776845116251e+08 1.524655771301933e-01 4.539275241809264e-01 3.665022562073252e-01 2.710464248155514e-02 
8.460000000000000e+07 2.893090445634820e+08 5.305365169568636e+08 1.524731763763492e-01 4.539293813316510e-01 3.664931277682087e-01 2.710431452379101e-02 
8.500000000000000e+07 2.828208918635545e+08 5.239033515057437e+08 1.525518031866756e-01 4.539485880125790e-01 3.663986876632077e-01 2.710092113753776e-02 
8.540000000000000e+07 2.793110617513349e+08 5.203051991960566e+08 1.525945910809947e-01 4.539589065522597e-01 3.663474296273276e-01 2.709907273941807e-02 
8.580000000000000e+07 2.758370999891520e+08 5.167248457421172e+08 1.526372973526344e-01 4.539690904572284e-01 3.662963858330944e-01 2.709722635704292e-02 
8.620000000000000e+07 2.723986137969103e+08 5.131608442370260e+08 1.526799573809146e-01 4.539791425271066e-01 3.662455197028643e-01 2.709538038911439e-02 
8.660000000000000e+07 2.689957951243489e+08 5.096172061615839e+08 1.527225156003788e-01 4.539890610934784e-01 3.661948859121016e-01 2.709353739404128e-02 
8.700000000000000e+07 2.656287200223122e+08 5.060972242484386e+08 1.527649304323770e-01 4.539988453406356e-01 3.661445249371570e-01 2.709169928983014e-02 
8.740000000000000e+07 2.622966843244724e+08 5.025954170067534e+08 1.528072994306791e-01 4.540085005262635e-01 3.660943384171751e-01 2.708986162588236e-02 
8.780000000000000e+07 2.589995339314532e+08 4.991125805881553e+08 1.528496218913399e-01 4.540180274262356e-01 3.660443262381198e-01 2.708802444430465e-02 
8.820000000000000e+07 2.557371485292032e+08 4.956486350719075e+08 1.528919056790864e-01 4.540274268919657e-01 3.659944800356931e-01 2.708618739325474e-02 
8.860000000000000e+07 2.525092767470794e+08 4.922033832460129e+08 1.529341681763494e-01 4.540367008071926e-01 3.659447813256723e-01 2.708434969078570e-02 
8.900000000000000e+07 2.518267051705148e+08 4.914813772861949e+08 1.529430758973801e-01 4.540386268384098e-01 3.659343352812099e-01 2.708396198300007e-02 
8.940000000000000e+07 2.461563758715496e+08 4.853729944418385e+08 1.530185914815415e-01 4.540548729947830e-01 3.658458614190813e-01 2.708067410459429e-02 
8.980000000000000e+07 2.430315954373388e+08 4.819941650838277e+08 1.530606549092641e-01 4.540637689337340e-01 3.657967354533797e-01 2.707884070362242e-02 
9.020000000000000e+07 2.399397516451731e+08 4.786270058871284e+08 1.531028600107713e-01 4.540725476488016e-01 3.657475931337928e-01 2.707699920663419e-02 
9.060000000000000e+07 2.368808883430281e+08 4.752756921890481e+08 1.531451550800180e-01 4.540812079935092e-01 3.656984849316605e-01 2.707515199481230e-02 
9.100000000000000e+07 2.338553251198995e+08 4.719435482440083e+08 1.531874741224467e-01 4.540897478839573e-01 3.656494758936049e-01 2.707330209999117e-02 
9.140000000000000e+07 2.308632735427265e+08 4.686351918415110e+08 1.532297388889793e-01 4.540981653590193e-01 3.656006426298709e-01 2.707145312213051e-02 
9.180000000000000e+07 2.279040432867923e+08 4.653466416833093e+08 1.532720376155635e-01 4.541064639768012e-01 3.655518973908140e-01 2.706960101682137e-02 
9.220000000000000e+07 2.249771416793802e+08 4.620764223072622e+08 1.533144120443962e-01 4.541146455487770e-01 3.655031985359889e-01 2.706774387083797e-02 
9.260000000000000e+07 2.220820817974544e+08 4.588217076677871e+08 1.533569309611073e-01 4.541227121536172e-01 3.654544783650785e-01 2.706587852019718e-02 
9.300000000000000e+07 2.192187576329560e+08 4.555842270271873e+08 1.533995683737558e-01 4.541306635889678e-01 3.654057618713996e-01 2.706400616587681e-02 
9.340000000000000e+07 2.163888893815548e+08 4.523797124932661e+08 1.534419831176183e-01 4.541384907789018e-01 3.653573835952369e-01 2.706214250824304e-02 
9.380000000000000e+07 2.135889947049787e+08 4.491827361003387e+08 1.534847589962368e-01 4.541462095883547e-01 3.653087707354711e-01 2.706026067993739e-02 
9.420000000000000e+07 2.108199477457716e+08 4.460009916032341e+08 1.535277257519650e-01 4.541538157356798e-01 3.652600899924860e-01 2.705836851986911e-02 
9.460000000000000e+07 2.080825728992181e+08 4.428436755330915e+08 1.535706879882102e-01 4.541613046918231e-01 3.652115322949970e-01 2.705647502496959e-02 
9.500000000000000e+07 2.053758218237894e+08 4.397040657249947e+08 1.536138117905991e-01 4.541686804434071e-01 3.651629352215354e-01 2.705457254445845e-02 
9.540000000000000e+07 2.026993625646079e+08 4.365806420613649e+08 1.536571396671239e-01 4.541759440490541e-01 3.651142571647783e-01 2.705265911904363e-02 
9.580000000000000e+07 2.000534036331456e+08 4.334782125546873e+08 1.537005713681046e-01 4.541830939139584e-01 3.650655953450684e-01 2.705073937286872e-02 
9.620000000000000e+07 1.974379443618267e+08 4.303966150256534e+08 1.537441100304348e-01 4.541901300882807e-01 3.650169467198516e-01 2.704881316143293e-02 
9.660000000000000e+07 1.948517689780061e+08 4.273306626575646e+08 1.537879126602760e-01 4.541970552202294e-01 3.649681588888161e-01 2.704687323067866e-02 
9.700000000000000e+07 1.922947050677392e+08 4.242796742827737e+08 1.538320005004223e-01 4.542038696661013e-01 3.649192112347795e-01 2.704491859869695e-02 
9.740000000000000e+07 1.897667124792855e+08 4.212442884442532e+08 1.538763684704558e-01 4.542105729737820e-01 3.648701090628728e-01 2.704294949288941e-02 
9.780000000000000e+07 1.872671971092353e+08 4.182237398578176e+08 1.539210698496626e-01 4.542171653177944e-01 3.648208013969150e-01 2.704096343562796e-02 
9.820000000000000e+07 1.847965704838319e+08 4.152204036111991e+08 1.539660287476545e-01 4.542236461787413e-01 3.647713611301162e-01 2.703896394348801e-02 
9.860000000000000e+07 1.823551603236384e+08 4.122410157815917e+08 1.540110823637584e-01 4.542300140952820e-01 3.647219449967280e-01 2.703695854423147e-02 
9.900000000000000e+07 1.799421785764709e+08 4.092796853608222e+08 1.540564001891344e-01 4.542362702320544e-01 3.646723901909015e-01 2.703493938790963e-02 
9.940000000000000e+07 1.775564092816200e+08 4.063307512331748e+08 1.541021699097735e-01 4.542424156042457e-01 3.646225167134668e-01 2.703289777251405e-02 
9.980000000000000e+07 1.751980945270307e+08 4.033971701779060e+08 1.541483155903746e-01 4.542484490137059e-01 3.645723981930141e-01 2.703083720290551e-02 
1.002000000000000e+08 1.728677981273494e+08 4.004850914101143e+08 1.541946559940185e-01 4.542543702382461e-01 3.645222076816924e-01 2.702876608604304e-02 
1.006000000000000e+08 1.705661317858160e+08 3.976004724172823e+08 1.542410089572031e-01 4.542601796517981e-01 3.644721185122247e-01 2.702669287877418e-02 
1.010000000000000e+08 1.682906927767818e+08 3.947280519178591e+08 1.542878778194565e-01 4.542658769630359e-01 3.644216510075166e-01 2.702459420999115e-02 
1.014000000000000e+08 1.660418297158923e+08 3.918717236519773e+08 1.543351499989576e-01 4.542714618270743e-01 3.643709128770055e-01 2.702247529696259e-02 
1.018000000000000e+08 1.638194932555695e+08 3.890327017779524e+08 1.543827996900700e-01 4.542769338847466e-01 3.643199290954107e-01 2.702033732977266e-02 
1.022000000000000e+08 1.616234446849480e+08 3.862107607766547e+08 1.544308478088988e-01 4.542822928585789e-01 3.642686800027695e-01 2.701817932975290e-02 
1.026000000000000e+08 1.594534352508757e+08 3.834062230549128e+08 1.544793028388513e-01 4.542875383201191e-01 3.642171579481163e-01 2.701600089291335e-02 
1.030000000000000e+08 1.573093198616273e+08 3.806178350397155e+08 1.545282092956675e-01 4.542926697196598e-01 3.641653210398420e-01 2.701379994483078e-02 
1.034000000000000e+08 1.551893826158707e+08 3.778390375418608e+08 1.545778667608709e-01 4.542976822637389e-01 3.641128884786317e-01 2.701156249675853e-02 
1.038000000000000e+08 1.530943961766748e+08 3.750727841470690e+08 1.546281403344870e-01 4.543025781101067e-01 3.640599867075873e-01 2.700929484781903e-02 
1.042000000000000e+08 1.510252466873422e+08 3.723300827636275e+08 1.546786610827042e-01 4.543073602451788e-01 3.640069645118266e-01 2.700701416029050e-02 
1.046000000000000e+08 1.489815657629507e+08 3.696071919146440e+08 1.547295557874135e-01 4.543120277297672e-01 3.639537019460937e-01 2.700471453672555e-02 
1.050000000000000e+08 1.469630874973955e+08 3.669061030116315e+08 1.547807664912483e-01 4.543165816344815e-01 3.639002531974355e-01 2.700239867683455e-02 
1.054000000000000e+08 1.449698999956713e+08 3.642261482121923e+08 1.548323126534023e-01 4.543210216024391e-01 3.638466000700074e-01 2.700006567415130e-02 
1.058000000000000e+08 1.429983038459740e+08 3.615473154535117e+08 1.548851202555405e-01 4.543253277417350e-01 3.637918797716049e-01 2.699767223111969e-02 
1.062000000000000e+08 1.410493439673524e+08 3.588752570574484e+08 1.549389277650912e-01 4.543295056684319e-01 3.637363359888410e-01 2.699523057763581e-02 
1.066000000000000e+08 1.391250741771672e+08 3.562273929721081e+08 1.549929981218280e-01 4.543335697018172e-01 3.636806570356427e-01 2.699277514071210e-02 
1.070000000000000e+08 1.372256482170734e+08 3.536052013469863e+08 1.550472703033428e-01 4.543375209919149e-01 3.636248999348164e-01 2.699030876992575e-02 
1.074000000000000e+08 1.353489055625157e+08 3.509974600916281e+08 1.551022871355542e-01 4.543413467176471e-01 3.635685600809516e-01 2.698780606584717e-02 
1.078000000000000e+08 1.334953355275676e+08 3.484063320160713e+08 1.551579381567907e-01 4.543450496565197e-01 3.635117399863645e-01 2.698527220032501e-02 
1.082000000000000e+08 1.316640304927726e+08 3.458301769338408e+08 1.552143643251265e-01 4.543486241016196e-01 3.634543110387964e-01 2.698270053445750e-02 
1.086000000000000e+08 1.298552915268278e+08 3.432695389887660e+08 1.552715188731534e-01 4.543520719451349e-01 3.633963159099494e-01 2.698009327176213e-02 
1.090000000000000e+08 1.280682809081671e+08 3.407217175824487e+08 1.553296008290120e-01 4.543553852454449e-01 3.633375728804658e-01 2.697744104507742e-02 
1.094000000000000e+08 1.263026626411989e+08 3.381856311719537e+08 1.553886899453858e-01 4.543585608157340e-01 3.632780091353190e-01 2.697474010356114e-02 
1.098000000000000e+08 1.245587625974705e+08 3.356641215880558e+08 1.554486411956514e-01 4.543616029141333e-01 3.632177586479546e-01 2.697199724226069e-02 
1.102000000000000e+08 1.228366151954181e+08 3.331606185193884e+08 1.555093211066716e-01 4.543645140099037e-01 3.631569461929072e-01 2.696921869051746e-02 
1.106000000000000e+08 1.211363583385692e+08 3.306761539777906e+08 1.555706545192871e-01 4.543672975333547e-01 3.630956399582264e-01 2.696640798913185e-02 
1.110000000000000e+08 1.194581548991022e+08 3.282136478388066e+08 1.556324910783217e-01 4.543699584143797e-01 3.630339783172112e-01 2.696357219008736e-02 
1.114000000000000e+08 1.178009771367512e+08 3.257669023005574e+08 1.556952266097363e-01 4.543724813080399e-01 3.629715993990568e-01 2.696069268316697e-02 
1.118000000000000e+08 1.161631068843951e+08 3.233272242503424e+08 1.557594473850363e-01 4.543748427074038e-01 3.629079680179398e-01 2.695774188962022e-02 
1.122000000000000e+08 1.145453788401284e+08 3.208988369126947e+08 1.558248685833808e-01 4.543770540327756e-01 3.628433441761226e-01 2.695473320772093e-02 
1.126000000000000e+08 1.129467618985670e+08 3.184797742604477e+08 1.558917788030278e-01 4.543790978157981e-01 3.627774704139216e-01 2.695165296725247e-02 
1.130000000000000e+08 1.113680553140872e+08 3.160743421240642e+08 1.559598364874468e-01 4.543809901661371e-01 3.627106560752851e-01 2.694851727113097e-02 
1.134000000000000e+08 1.098116256241076e+08 3.137011952751155e+08 1.560277803526156e-01 4.543827842565791e-01 3.626440499133818e-01 2.694538547742365e-02 
1.138000000000000e+08 1.082740984878805e+08 3.113389104812174e+08 1.560971544870145e-01 4.543844120497484e-01 3.625762485951441e-01 2.694218486809295e-02 
1.142000000000000e+08 1.067553216361938e+08 3.089872122625139e+08 1.561679888688997e-01 4.543858720130332e-01 3.625072250915332e-01 2.693891402653397e-02 
1.146000000000000e+08 1.052564810218794e+08 3.066562305860188e+08 1.562395832561422e-01 4.543871944938002e-01 3.624376163295236e-01 2.693560592053389e-02 
1.150000000000000e+08 1.037764450593631e+08 3.043386394553791e+08 1.563125230002000e-01 4.543883513957622e-01 3.623668926575245e-01 2.693223294651330e-02 
1.154000000000000e+08 1.023134482404754e+08 3.020246072622801e+08 1.563876558661613e-01 4.543893001917018e-01 3.622942888413048e-01 2.692875510083213e-02 
1.158000000000000e+08 1.008698825786994e+08 2.997311314487004e+08 1.564636049585686e-01 4.543901077714358e-01 3.622210499512953e-01 2.692523731870023e-02 
1.162000000000000e+08 9.944608135286689e+07 2.974614606172869e+08 1.565401302567322e-01 4.543907851539738e-01 3.621473936805665e-01 2.692169090872755e-02 
1.166000000000000e+08 9.803944325297904e+07 2.952005728455136e+08 1.566185648612471e-01 4.543912641575046e-01 3.620721180359414e-01 2.691805294530698e-02 
1.170000000000000e+08 9.665045087810922e+07 2.929514819918985e+08 1.566986601521413e-01 4.543915569318961e-01 3.619954477598328e-01 2.691433515612981e-02 
1.174000000000000e+08 9.527863512615323e+07 2.907134550426855e+08 1.567806031326497e-01 4.543916503772023e-01 3.619172178351976e-01 2.691052865495029e-02 
1.178000000000000e+08 9.392429414580274e+07 2.884886311706951e+08 1.568641861502966e-01 4.543915557645533e-01 3.618376148290918e-01 2.690664325605827e-02 
1.182000000000000e+08 9.258763393841934e+07 2.862801806913652e+08 1.569491739468638e-01 4.543912840400732e-01 3.617568519699395e-01 2.690269004312345e-02 
1.186000000000000e+08 9.126876667621469e+07 2.840905318765581e+08 1.570353378030256e-01 4.543908476299990e-01 3.616751347409847e-01 2.689867982599077e-02 
1.190000000000000e+08 8.996707717166042e+07 2.819163293102643e+08 1.571230518071121e-01 4.543902249267017e-01 3.615921283590845e-01 2.689459490710185e-02 
1.194000000000000e+08 8.868196348983002e+07 2.797547856189697e+08 1.572126435876838e-01 4.543893966620910e-01 3.615075399705642e-01 2.689041977966104e-02 
1.198000000000000e+08 8.741321468779731e+07 2.776061829383507e+08 1.573041651168577e-01 4.543883578048959e-01 3.614213251210160e-01 2.688615195723049e-02 
1.202000000000000e+08 8.616070101702428e+07 2.754703065484881e+08 1.573976677840604e-01 4.543871047256825e-01 3.613334384917972e-01 2.688178899845990e-02 
1.206000000000000e+08 8.492394149071622e+07 2.733452708419065e+08 1.574934642640975e-01 4.543856167370333e-01 3.612436029267048e-01 2.687731607216440e-02 
1.210000000000000e+08 8.370251579200864e+07 2.712295909049757e+08 1.575918096005501e-01 4.543838768290970e-01 3.611515924902632e-01 2.687272108008980e-02 
1.214000000000000e+08 8.249711549396133e+07 2.691289130135992e+08 1.576920486939476e-01 4.543819239028042e-01 3.610579923787537e-01 2.686803502449450e-02 
1.218000000000000e+08 8.130796917546558e+07 2.670458434841335e+08 1.577939072510164e-01 4.543797736270226e-01 3.609630482454540e-01 2.686327087650689e-02 
1.222000000000000e+08 8.013500892325115e+07 2.649819094911442e+08 1.578971997427208e-01 4.543774373221338e-01 3.608669255159727e-01 2.685843741917283e-02 
1.226000000000000e+08 7.897821676039815e+07 2.629363592334414e+08 1.580020111866043e-01 4.543749099609813e-01 3.607695482227763e-01 2.685353062963806e-02 
1.230000000000000e+08 7.783415909131110e+07 2.608890658083984e+08 1.581114064907825e-01 4.543719921024935e-01 3.606681962062323e-01 2.684840520049166e-02 
1.234000000000000e+08 7.670387160511172e+07 2.588460994364295e+08 1.582244613242070e-01 4.543687438907624e-01 3.605636898326127e-01 2.684310495241785e-02 
1.238000000000000e+08 7.558978703675747e+07 2.568268560209494e+08 1.583384870757560e-01 4.543653357309496e-01 3.604584199066044e-01 2.683775728669006e-02 
1.242000000000000e+08 7.449127145948184e+07 2.548268216338687e+08 1.584541541146482e-01 4.543617242269779e-01 3.603517912343542e-01 2.683233042401964e-02 
1.246000000000000e+08 7.340599828631830e+07 2.528321783959839e+08 1.585737598117516e-01 4.543577559102164e-01 3.602417688927627e-01 2.682671538526945e-02 
1.250000000000000e+08 7.233496781352842e+07 2.508500480826998e+08 1.586961696111677e-01 4.543535057975001e-01 3.601293586122686e-01 2.682096597906363e-02 
1.254000000000000e+08 7.127875191091967e+07 2.488859722700634e+08 1.588205654175602e-01 4.543490268637704e-01 3.600152867319697e-01 2.681512098669978e-02 
1.258000000000000e+08 7.023598226889479e+07 2.469318276892147e+08 1.589484565995770e-01 4.543442153575046e-01 3.598982192746938e-01 2.680910876822459e-02 
1.262000000000000e+08 6.920684652424157e+07 2.449894888572538e+08 1.590795286588374e-01 4.543390923639818e-01 3.597784347339542e-01 2.680294424322664e-02 
1.266000000000000e+08 6.819213673715997e+07 2.430661948233941e+08 1.592125433976801e-01 4.543337414240957e-01 3.596570290199045e-01 2.679668615831973e-02 
1.270000000000000e+08 6.719070634987199e+07 2.411544645080857e+08 1.593490197596294e-01 4.543280559784191e-01 3.595326618732926e-01 2.679026238865889e-02 
1.274000000000000e+08 6.620141499122834e+07 2.392476542555242e+08 1.594903900852136e-01 4.543219343662651e-01 3.594040706485599e-01 2.678360489996126e-02 
1.278000000000000e+08 6.522504779155505e+07 2.373519316238298e+08 1.596355180012895e-01 4.543154545619196e-01 3.592722598064743e-01 2.677676763031658e-02 
1.282000000000000e+08 6.426185985161757e+07 2.354702127283292e+08 1.597839485865081e-01 4.543086464426059e-01 3.591376328177283e-01 2.676977215315776e-02 
1.286000000000000e+08 6.331175437380505e+07 2.336032118112581e+08 1.599356025973829e-01 4.543015146479676e-01 3.590002605363734e-01 2.676262221827602e-02 
1.290000000000000e+08 6.237445884381866e+07 2.317495131219215e+08 1.600908485585545e-01 4.542940320924290e-01 3.588598190399753e-01 2.675530030904126e-02 
1.294000000000000e+08 6.144953527604163e+07 2.299073015187070e+08 1.602502185118607e-01 4.542861589256551e-01 3.587158414385475e-01 2.674778112393672e-02 
1.298000000000000e+08 6.053663573773694e+07 2.280752389601300e+08 1.604142548169285e-01 4.542778531164228e-01 3.585678532097386e-01 2.674003885691027e-02 
1.302000000000000e+08 5.963614924023247e+07 2.262566603331761e+08 1.605821347020106e-01 4.542691745300658e-01 3.584165781599957e-01 2.673211260792794e-02 
1.306000000000000e+08 5.874864374535573e+07 2.244567560788856e+08 1.607526123458222e-01 4.542602134725163e-01 3.582631126052556e-01 2.672406157640600e-02 
1.310000000000000e+08 5.787202920034778e+07 2.226615788436769e+08 1.609297275802200e-01 4.542506683456289e-01 3.581039104013451e-01 2.671569367280598e-02 
1.314000000000000e+08 5.700574345089579e+07 2.208676712117627e+08 1.611145202089223e-01 4.542404611018522e-01 3.579380592407473e-01 2.670695944847806e-02 
1.318000000000000e+08 5.615298485643101e+07 2.191000199512308e+08 1.612999963199218e-01 4.542301110682549e-01 3.577717011844228e-01 2.669819142740047e-02 
1.322000000000000e+08 5.531171206646311e+07 2.173440512966294e+08 1.614906014672078e-01 4.542192840247755e-01 3.576009363180529e-01 2.668917818996380e-02 
1.326000000000000e+08 5.447999457306504e+07 2.155869356677029e+08 1.616904827147125e-01 4.542076658015270e-01 3.574221289984010e-01 2.667972248535949e-02 
1.330000000000000e+08 5.366131772762442e+07 2.138556155479126e+08 1.618911079741112e-01 4.541959007524643e-01 3.572427611568529e-01 2.667023011657164e-02 
1.334000000000000e+08 5.285487822846687e+07 2.121441354210296e+08 1.620944747178795e-01 4.541838369263939e-01 3.570610822888316e-01 2.666060606689497e-02 
1.338000000000000e+08 5.205711112842643e+07 2.104285097875013e+08 1.623092969679131e-01 4.541708049064463e-01 3.568694623995997e-01 2.665043572604093e-02 
1.342000000000000e+08 5.126916232677996e+07 2.087164271553084e+08 1.625327750178203e-01 4.541570198242035e-01 3.566703528543263e-01 2.663985230365005e-02 
1.346000000000000e+08 5.049264672845376e+07 2.070222269429464e+08 1.627603568613216e-01 4.541428252191364e-01 3.564677456102366e-01 2.662907230930535e-02 
1.350000000000000e+08 4.972722170898652e+07 2.053428669757271e+08 1.629930082058526e-01 4.541281482079585e-01 3.562607937749218e-01 2.661804981126693e-02 
1.354000000000000e+08 4.897149257567835e+07 2.036703534496279e+08 1.632344724954278e-01 4.541126938189426e-01 3.560462270848174e-01 2.660660660081223e-02 
1.358000000000000e+08 4.822587793625653e+07 2.020075419914517e+08 1.634834959170503e-01 4.540965601891716e-01 3.558251415329631e-01 2.659480236081494e-02 
1.362000000000000e+08 4.749125246042132e+07 2.003626066472583e+08 1.637369480488977e-01 4.540799887663429e-01 3.556002771270331e-01 2.658278605772647e-02 
1.366000000000000e+08 4.676661756616652e+07 1.987283145502286e+08 1.639982344353058e-01 4.540627112899572e-01 3.553686587094340e-01 2.657039556530291e-02 
1.370000000000000e+08 4.605093629415417e+07 1.970980199379802e+08 1.642708067637497e-01 4.540444535640540e-01 3.551272731343755e-01 2.655746653782078e-02 
1.374000000000000e+08 4.534543570559132e+07 1.954820048954766e+08 1.645499880936303e-01 4.540255825140065e-01 3.548802077805758e-01 2.654422161178741e-02 
1.378000000000000e+08 4.465018453933191e+07 1.938812339989502e+08 1.648354718748668e-01 4.540061211589901e-01 3.546277315937008e-01 2.653067537244225e-02 
1.382000000000000e+08 4.396368183879495e+07 1.922859945480523e+08 1.651329780544162e-01 4.539856110067613e-01 3.543648555253631e-01 2.651655541345952e-02 
1.386000000000000e+08 4.328637808189154e+07 1.906997180704756e+08 1.654407261593988e-01 4.539641932971977e-01 3.540931340302255e-01 2.650194651317813e-02 
1.390000000000000e+08 4.261845684036171e+07 1.891251628646331e+08 1.657578340552764e-01 4.539419342074852e-01 3.538133411032182e-01 2.648689063402016e-02 
1.394000000000000e+08 4.196046131485355e+07 1.875675580743630e+08 1.660811811704072e-01 4.539190835282730e-01 3.535281989007876e-01 2.647153640053224e-02 
1.398000000000000e+08 4.131242579307699e+07 1.860272522040863e+08 1.664105753020514e-01 4.538956565373105e-01 3.532378751991038e-01 2.645589296153452e-02 
1.402000000000000e+08 4.067161757833481e+07 1.844846393756105e+08 1.667603449733997e-01 4.538704903959359e-01 3.529298868752690e-01 2.643927775539547e-02 
1.406000000000000e+08 4.003804740051472e+07 1.829397964175975e+08 1.671304334786926e-01 4.538435896905436e-01 3.526042833475769e-01 2.642169348318699e-02 
1.410000000000000e+08 3.941450849256408e+07 1.814159776320009e+08 1.675052204903421e-01 4.538162143919970e-01 3.522746809300544e-01 2.640388418760649e-02 
1.414000000000000e+08 3.880077982205105e+07 1.799117258768830e+08 1.678860470516539e-01 4.537882544373467e-01 3.519399125386403e-01 2.638578597235909e-02 
1.418000000000000e+08 3.819457811518693e+07 1.784106155972160e+08 1.682864803236626e-01 4.537586023952852e-01 3.515881648111927e-01 2.636675246985944e-02 
1.422000000000000e+08 3.759640344608891e+07 1.769164373762460e+08 1.687038110820609e-01 4.537274776847969e-01 3.512217984961996e-01 2.634691273694277e-02 
1.426000000000000e+08 3.700608021412337e+07 1.754291021822329e+08 1.691401315187790e-01 4.536947011582630e-01 3.508390003066904e-01 2.632616701626750e-02 
1.430000000000000e+08 3.642513491008341e+07 1.739615782420385e+08 1.695832313621573e-01 4.536612737192249e-01 3.504503978029486e-01 2.630509711566911e-02 
1.434000000000000e+08 3.585326599736857e+07 1.725118150786771e+08 1.700357083406845e-01 4.536269799253355e-01 3.500537324937636e-01 2.628357924021652e-02 
1.438000000000000e+08 3.528744811513591e+07 1.710571024545044e+08 1.705227929667815e-01 4.535897372119640e-01 3.496270587382281e-01 2.626041108302649e-02 
1.442000000000000e+08 3.472887367174375e+07 1.696068438416836e+08 1.710345942215980e-01 4.535503600761071e-01 3.491789817317976e-01 2.623606397049731e-02 
1.446000000000000e+08 3.417914381995535e+07 1.681755399373469e+08 1.715581203826536e-01 4.535099101930555e-01 3.487208124834595e-01 2.621115694083135e-02 
1.450000000000000e+08 3.363719404538453e+07 1.667547513700157e+08 1.721036409197590e-01 4.534675382174326e-01 3.482436202572865e-01 2.618520060552193e-02 
1.454000000000000e+08 3.310246057551467e+07 1.653408551989509e+08 1.726777490880805e-01 4.534226928323462e-01 3.477416773498279e-01 2.615788072974555e-02 
1.458000000000000e+08 3.257494865928960e+07 1.639344593029850e+08 1.732831741532527e-01 4.533751396517416e-01 3.472126189923586e-01 2.612906720264698e-02 
1.462000000000000e+08 3.205466080604589e+07 1.625360789375763e+08 1.739210461145815e-01 4.533247804934405e-01 3.466554672369652e-01 2.609870615501289e-02 
1.466000000000000e+08 3.154236726680052e+07 1.611531060920093e+08 1.745831114859423e-01 4.532722938519134e-01 3.460774037299144e-01 2.606719093223000e-02 
1.470000000000000e+08 3.103721818696964e+07 1.597788004720013e+08 1.752847713950321e-01 4.532163905460634e-01 3.454650505674980e-01 2.603378749140641e-02 
1.474000000000000e+08 3.053850879741395e+07 1.584079809220217e+08 1.760404553390177e-01 4.531558589467506e-01 3.448058776274734e-01 2.599780808675830e-02 
1.478000000000000e+08 3.004655777961850e+07 1.570437783602341e+08 1.768549927805074e-01 4.530902795913322e-01 3.440957051084950e-01 2.595902251966542e-02 
1.482000000000000e+08 2.956164182337189e+07 1.556889614103830e+08 1.777269029497072e-01 4.530197680841952e-01 3.433358275880888e-01 2.591750137800865e-02 
1.486000000000000e+08 2.908427615994251e+07 1.543487205479267e+08 1.786502045542179e-01 4.529448113101782e-01 3.425314543593749e-01 2.587352977622896e-02 
1.490000000000000e+08 2.861453002811158e+07 1.530241726064169e+08 1.796242205121154e-01 4.528654587270679e-01 3.416831807469983e-01 2.582714001381829e-02 
1.494000000000000e+08 2.815060042498910e+07 1.516992273902613e+08 1.807399595387926e-01 4.527740334797700e-01 3.407120125403678e-01 2.577399444106961e-02 
1.498000000000000e+08 2.769176771974158e+07 1.503675034399109e+08 1.820342857031604e-01 4.526674251949601e-01 3.395859530563083e-01 2.571233604557126e-02 
1.502000000000000e+08 2.723929507050717e+07 1.490396733745022e+08 1.835010644914193e-01 4.525460955073150e-01 3.383103825909551e-01 2.564245741031052e-02 
1.506000000000000e+08 2.679387032994020e+07 1.477213813150636e+08 1.851554523352774e-01 4.524087174446287e-01 3.368721938973271e-01 2.556363632276668e-02 
1.510000000000000e+08 2.654295686045258e+07 1.469827415030923e+08 1.863755517711702e-01 4.523066646066977e-01 3.358122828356800e-01 2.550550078645228e-02 
1.514000000000000e+08 2.592183983059788e+07 1.450859341935413e+08 1.894576123606952e-01 4.520490034203147e-01 3.331347373450930e-01 2.535864687389705e-02 
1.518000000000000e+08 2.549528797417128e+07 1.437687420727523e+08 1.921007418907064e-01 4.518267274352705e-01 3.308398303331734e-01 2.523270034084973e-02 
1.522000000000000e+08 2.507420033305442e+07 1.424303745648482e+08 1.956857053364533e-01 4.515236102412776e-01 3.277288172897270e-01 2.506186713254213e-02 
1.526000000000000e+08 2.465914473956132e+07 1.410474907600532e+08 2.016071018681398e-01 4.510200144661374e-01 3.225931993894922e-01 2.477968427623064e-02 
1.530000000000000e+08 2.415375853669358e+07 1.392536031205847e+08 2.133265954252053e-01 4.500125716135618e-01 3.124396499542357e-01 2.422118300699711e-02 
1.534000000000000e+08 2.380016222123564e+07 1.379143127880677e+08 2.271253524569765e-01 4.488061734042408e-01 3.005048863097154e-01 2.356358782906728e-02 
1.538000000000000e+08 2.352898360321283e+07 1.368422687066270e+08 2.407638524976055e-01 4.476003767323896e-01 2.887221422799909e-01 2.291362849001407e-02 
1.542000000000000e+08 2.307140932469636e+07 1.348895301625399e+08 2.814095901852192e-01 4.438897158314529e-01 2.537240933419141e-01 2.097660064141374e-02 
1.546000000000000e+08 2.265111348006767e+07 1.329681892817026e+08 3.476321292807382e-01 4.373952712975351e-01 1.971519272694634e-01 1.782067215226324e-02 
1.550000000000000e+08 2.223097357133947e+07 1.310509768970396e+08 4.594879976378090e-01 4.246548523358394e-01 1.033671287476472e-01 1.249002127870446e-02 
1.554000000000000e+08 2.188540052849119e+07 1.301253201789346e+08 5.747823831168645e-01 4.086187085464718e-01 9.603405732073137e-03 6.995502604590633e-03 
1.558000000000000e+08 2.146128766785896e+07 1.305164315433912e+08 5.765113897324803e-01 4.083403818000096e-01 8.235124147160058e-03 6.913104320350060e-03 
1.562000000000000e+08 2.110041660173923e+07 1.308733176630005e+08 5.765113896782509e-01 4.083403818517924e-01 8.235124146590231e-03 6.913104323366545e-03 
1.566000000000000e+08 2.074365814221835e+07 1.312298069135424e+08 5.765113897588171e-01 4.083403817702727e-01 8.235124148283446e-03 6.913104322626784e-03 
1.570000000000000e+08 2.039245964926791e+07 1.315992627238106e+08 5.765113897545732e-01 4.083403817724443e-01 8.235124149989772e-03 6.913104322992703e-03 
1.574000000000000e+08 2.004649765398091e+07 1.319811391314430e+08 5.765113897436884e-01 4.083403817808364e-01 8.235124151924813e-03 6.913104323550382e-03 
1.578000000000000e+08 1.970388742884731e+07 1.323915442983935e+08 5.765113897411656e-01 4.083403817813024e-01 8.235124153665403e-03 6.913104323866575e-03 
1.582000000000000e+08 1.936553387278450e+07 1.328227096036035e+08 5.765113897582012e-01 4.083403817617656e-01 8.235124155435404e-03 6.913104324597730e-03 
1.586000000000000e+08 1.903318753357553e+07 1.332592654302478e+08 5.765113897284142e-01 4.083403817872963e-01 8.235124158767558e-03 6.913104325521985e-03 
1.590000000000000e+08 1.870658622785044e+07 1.337023250089876e+08 5.765113897317451e-01 4.083403817836150e-01 8.235124159601259e-03 6.913104325038694e-03 
1.594000000000000e+08 1.838391359556735e+07 1.341707113738365e+08 5.765113897249737e-01 4.083403817874213e-01 8.235124161927326e-03 6.913104325677650e-03 
1.598000000000000e+08 1.806548629719245e+07 1.346605618649108e+08 5.765113897179521e-01 4.083403817916588e-01 8.235124164472292e-03 6.913104325916759e-03 
1.602000000000000e+08 1.775258744659811e+07 1.351577894650288e+08 5.765113896999996e-01 4.083403818080307e-01 8.235124165775405e-03 6.913104326194427e-03 
1.606000000000000e+08 1.744368358987498e+07 1.356793129897760e+08 5.765113896781405e-01 4.083403818243890e-01 8.235124169682629e-03 6.913104327787934e-03 
1.610000000000000e+08 1.714000205086339e+07 1.362100093244934e+08 5.765113897068006e-01 4.083403817940576e-01 8.235124171562691e-03 6.913104327579207e-03 
1.614000000000000e+08 1.684037247384715e+07 1.367644527459517e+08 5.765113897018548e-01 4.083403817959491e-01 8.235124174228904e-03 6.913104327967131e-03 
1.618000000000000e+08 1.654437304610807e+07 1.373477411781082e+08 5.765113896883922e-01 4.083403818063233e-01 8.235124176879419e-03 6.913104328404982e-03 
1.622000000000000e+08 1.625323334418356e+07 1.379433310233899e+08 5.765113896878655e-01 4.083403818027005e-01 8.235124179666906e-03 6.913104329766918e-03 
1.626000000000000e+08 1.596720122752482e+07 1.385468731808543e+08 5.765113896992724e-01 4.083403817874235e-01 8.235124183340119e-03 6.913104329963932e-03 
1.630000000000000e+08 1.568424216475165e+07 1.391879039028840e+08 5.765113896893820e-01 4.083403817943607e-01 8.235124185846333e-03 6.913104330410916e-03 
1.634000000000000e+08 1.540578473364204e+07 1.398493569288716e+08 5.765113896975826e-01 4.083403817825044e-01 8.235124189179894e-03 6.913104330733004e-03 
1.638000000000000e+08 1.513225996071208e+07 1.405240353497481e+08 5.765113896741897e-01 4.083403818003143e-01 8.235124193167794e-03 6.913104332328271e-03 
1.642000000000000e+08 1.486165468247420e+07 1.412215627958090e+08 5.765113896712213e-01 4.083403818002213e-01 8.235124195967593e-03 6.913104332589890e-03 
1.646000000000000e+08 1.459484424591994e+07 1.419442514836006e+08 5.765113896621523e-01 4.083403818055386e-01 8.235124199212745e-03 6.913104333096464e-03 
1.650000000000000e+08 1.433250738585246e+07 1.426909421925541e+08 5.765113897107825e-01 4.083403817532285e-01 8.235124202784105e-03 6.913104333205013e-03 
1.654000000000000e+08 1.407488863989055e+07 1.434447649222366e+08 5.765113896352546e-01 4.083403818228832e-01 8.235124206914359e-03 6.913104334947872e-03 
1.658000000000000e+08 1.381997296832436e+07 1.442446883684344e+08 5.765113896418735e-01 4.083403818124719e-01 8.235124210560909e-03 6.913104335093531e-03 
1.662000000000000e+08 1.356854383747184e+07 1.450751882246509e+08 5.765113896654003e-01 4.083403817841000e-01 8.235124214627569e-03 6.913104335872231e-03 
1.666000000000000e+08 1.332159243332225e+07 1.459158822618053e+08 5.765113896122147e-01 4.083403818313705e-01 8.235124218833144e-03 6.913104337581634e-03 
1.670000000000000e+08 1.307861198189127e+07 1.467762407115960e+08 5.765113896341271e-01 4.083403818041133e-01 8.235124223771840e-03 6.913104337987763e-03 
1.674000000000000e+08 1.283845673500842e+07 1.476813449955783e+08 5.765113896261539e-01 4.083403818065868e-01 8.235124228267800e-03 6.913104338991567e-03 
1.678000000000000e+08 1.260201493627667e+07 1.486105307073281e+08 5.765113896096496e-01 4.083403818178395e-01 8.235124232661276e-03 6.913104339849417e-03 
1.682000000000000e+08 1.236946316837555e+07 1.495595192306561e+08 5.765113895769008e-01 4.083403818433800e-01 8.235124238089926e-03 6.913104341629106e-03 
1.686000000000000e+08 1.214016718850595e+07 1.505424693938761e+08 5.765113895700854e-01 4.083403818445814e-01 8.235124242976285e-03 6.913104342356916e-03 
1.690000000000000e+08 1.191470277122658e+07 1.515447643431191e+08 5.765113895538349e-01 4.083403818540569e-01 8.235124248580021e-03 6.913104343528209e-03 
1.694000000000000e+08 1.169210444414264e+07 1.525910624460206e+08 5.765113895865058e-01 4.083403818156799e-01 8.235124253659338e-03 6.913104344154959e-03 
1.698000000000000e+08 1.147299779840642e+07 1.536639484684789e+08 5.765113895692313e-01 4.083403818260403e-01 8.235124259285199e-03 6.913104345443126e-03 
1.702000000000000e+08 1.125725113003856e+07 1.547664716401873e+08 5.765113895495486e-01 4.083403818383803e-01 8.235124265399966e-03 6.913104346671178e-03 
1.706000000000000e+08 1.104506041094214e+07 1.558916845358775e+08 5.765113895401011e-01 4.083403818404176e-01 8.235124271779252e-03 6.913104347701962e-03 
1.710000000000000e+08 1.083605977354378e+07 1.570502787953358e+08 5.765113895155076e-01 4.083403818599186e-01 8.235124276394178e-03 6.913104348179571e-03 
1.714000000000000e+08 1.062969668244112e+07 1.582586779686570e+08 5.765113895064581e-01 4.083403818588741e-01 8.235124284595469e-03 6.913104350072453e-03 
1.718000000000000e+08 1.037137644724518e+07 1.598416947191738e+08 5.765113895125603e-01 4.083403818425038e-01 8.235124292710859e-03 6.913104352225134e-03 
1.722000000000000e+08 1.022680383339685e+07 1.607598870739579e+08 5.765113894874174e-01 4.083403818614341e-01 8.235124297867545e-03 6.913104353280963e-03 
1.726000000000000e+08 1.003055091253197e+07 1.620416786305604e+08 5.765113894884804e-01 4.083403818519491e-01 8.235124304863407e-03 6.913104354707213e-03 
1.730000000000000e+08 9.836751069722533e+06 1.633792038268309e+08 5.765113894781653e-01 4.083403818529747e-01 8.235124312398876e-03 6.913104356461131e-03 
1.734000000000000e+08 9.645185522620142e+06 1.647797657884917e+08 5.765113894385218e-01 4.083403818846735e-01 8.235124318497797e-03 6.913104358307003e-03 
1.738000000000000e+08 9.457130022427261e+06 1.661946543983662e+08 5.765113894243790e-01 4.083403818878473e-01 8.235124328785173e-03 6.913104358988613e-03 
1.742000000000000e+08 9.272335681393921e+06 1.676319376809945e+08 5.765113894558488e-01 4.083403818493266e-01 8.235124334669754e-03 6.913104360154848e-03 
1.746000000000000e+08 9.090211496893644e+06 1.691142599096541e+08 5.765113894294841e-01 4.083403818632634e-01 8.235124344557773e-03 6.913104362694750e-03 
1.750000000000000e+08 8.910633234362721e+06 1.706460465738325e+08 5.765113894032138e-01 4.083403818780711e-01 8.235124354053684e-03 6.913104364661485e-03 
1.754000000000000e+08 8.733806896200776e+06 1.722169617558022e+08 5.765113893994016e-01 4.083403818684931e-01 8.235124365130025e-03 6.913104366975302e-03 
1.758000000000000e+08 8.560109724079907e+06 1.738090264259467e+08 5.765113893827327e-01 4.083403818708635e-01 8.235124377217001e-03 6.913104369186769e-03 
1.762000000000000e+08 8.389070668740451e+06 1.754423023759384e+08 5.765113893697864e-01 4.083403818661804e-01 8.235124391682769e-03 6.913104372350420e-03 
1.766000000000000e+08 8.220241939298928e+06 1.771361362130604e+08 5.765113892737987e-01 4.083403819426942e-01 8.235124408189434e-03 6.913104375317767e-03 
1.770000000000000e+08 8.054177992617071e+06 1.788625367001936e+08 5.765113892132876e-01 4.083403819751597e-01 8.235124430320815e-03 6.913104381231911e-03 
1.774000000000000e+08 7.891023272074342e+06 1.806128132133441e+08 5.765113892276189e-01 4.083403819232317e-01 8.235124463279167e-03 6.913104385870102e-03 
1.778000000000000e+08 7.730552612847209e+06 1.823965160796089e+08 5.765113891791053e-01 4.083403819237876e-01 8.235124501542354e-03 6.913104395564714e-03 
1.782000000000000e+08 7.571840480148673e+06 1.842588157122879e+08 5.765113890801611e-01 4.083403819599206e-01 8.235124554378569e-03 6.913104405539789e-03 
1.786000000000000e+08 7.275307880801109e+06 1.878789071316772e+08 5.765113888392764e-01 4.083403820233031e-01 8.235124701705407e-03 6.913104435715117e-03 
1.790000000000000e+08 7.263078036511838e+06 1.880347899013302e+08 5.765113888371225e-01 4.083403820180102e-01 8.235124707774188e-03 6.913104437093033e-03 
1.794000000000000e+08 7.112068381778538e+06 1.899961652509489e+08 5.765113886425306e-01 4.083403820880826e-01 8.235124811365810e-03 6.913104458020937e-03 
1.798000000000000e+08 6.963304261005163e+06 1.920032738879666e+08 5.765113884465199e-01 4.083403821360296e-01 8.235124934022784e-03 6.913104483427463e-03 
1.802000000000000e+08 6.817025218372881e+06 1.940396448130436e+08 5.765113882169408e-01 4.083403821979265e-01 8.235125073483250e-03 6.913104511649480e-03 
1.806000000000000e+08 6.673184292923987e+06 1.961044606506455e+08 5.765113879976749e-01 4.083403822353415e-01 8.235125224439420e-03 6.913104542544272e-03 
1.810000000000000e+08 6.531945858541727e+06 1.981859323039570e+08 5.765113877171786e-01 4.083403823201123e-01 8.235125387477357e-03 6.913104575231630e-03 
1.814000000000000e+08 6.392673952547491e+06 2.003185076120205e+08 5.765113874363942e-01 4.083403824024298e-01 8.235125552111141e-03 6.913104609064671e-03 
1.818000000000000e+08 6.255177597471058e+06 2.025095660356192e+08 5.765113871552279e-01 4.083403824794183e-01 8.235125721512476e-03 6.913104643841434e-03 
1.822000000000000e+08 6.120502848821044e+06 2.046927259364085e+08 5.765113868852749e-01 4.083403825499152e-01 8.235125887221815e-03 6.913104677588102e-03 
1.826000000000000e+08 5.988029901794136e+06 2.069024527425919e+08 5.765113865885244e-01 4.083403826508894e-01 8.235126049712467e-03 6.913104710873745e-03 
1.830000000000000e+08 5.857465729335487e+06 2.091529740879019e+08 5.765113863435317e-01 4.083403826998781e-01 8.235126212440621e-03 6.913104744149572e-03 
1.834000000000000e+08 5.729269002424389e+06 2.114126756811347e+08 5.765113861045897e-01 4.083403827480344e-01 8.235126370946342e-03 6.913104776429518e-03 
1.838000000000000e+08 5.602638532444954e+06 2.137232484835992e+08 5.765113858366099e-01 4.083403828295706e-01 8.235126526107995e-03 6.913104807711581e-03 
1.842000000000000e+08 5.478421039911985e+06 2.160312382687123e+08 5.765113855854438e-01 4.083403828963642e-01 8.235126679149444e-03 6.913104839042517e-03 
1.846000000000000e+08 5.356218618460923e+06 2.183555050325990e+08 5.765113853416565e-01 4.083403829607445e-01 8.235126828248108e-03 6.913104869350956e-03 
1.850000000000000e+08 5.210495723182632e+06 2.211551141174723e+08 5.765113850541022e-01 4.083403830378826e-01 8.235127003049467e-03 6.913104904965762e-03 
1.854000000000000e+08 5.118169799595416e+06 2.230165320430961e+08 5.765113848586872e-01 4.083403830935315e-01 8.235127119228552e-03 6.913104928552721e-03 
1.858000000000000e+08 5.001974533533990e+06 2.253670526741943e+08 5.765113846482463e-01 4.083403831325526e-01 8.235127262426008e-03 6.913104956775226e-03 
1.862000000000000e+08 4.887390208794415e+06 2.277453883266611e+08 5.765113844059080e-01 4.083403832030671e-01 8.235127404112030e-03 6.913104986912793e-03 
1.866000000000000e+08 4.775140155458570e+06 2.301096513909190e+08 5.765113841352785e-01 4.083403833067512e-01 8.235127542955530e-03 6.913105015014825e-03 
1.870000000000000e+08 4.664800227245778e+06 2.324864895386600e+08 5.765113839546082e-01 4.083403833202998e-01 8.235127681730181e-03 6.913105043361721e-03 
1.874000000000000e+08 4.556075988116771e+06 2.348935545811701e+08 5.765113837147421e-01 4.083403833961305e-01 8.235127817966583e-03 6.913105071160889e-03 
1.878000000000000e+08 4.449281515174389e+06 2.373078582448890e+08 5.765113834938116e-01 4.083403834500359e-01 8.235127956797098e-03 6.913105099355382e-03 
1.882000000000000e+08 4.344441273213089e+06 2.397251432692771e+08 5.765113832756743e-01 4.083403835024959e-01 8.235128094356984e-03 6.913105127472747e-03 
1.886000000000000e+08 4.241431929387599e+06 2.421503816217070e+08 5.765113830175411e-01 4.083403835934227e-01 8.235128233121393e-03 6.913105155914799e-03 
1.890000000000000e+08 4.139927617269963e+06 2.446012124306860e+08 5.765113827962040e-01 4.083403836456599e-01 8.235128373764014e-03 6.913105184372176e-03 
1.894000000000000e+08 4.040100940038145e+06 2.470583647812843e+08 5.765113825924714e-01 4.083403836753441e-01 8.235128517962487e-03 6.913105214222014e-03 
1.898000000000000e+08 4.000854770958655e+06 2.480268932935851e+08 5.765113824713937e-01 4.083403837294119e-01 8.235128574088722e-03 6.913105225105846e-03 
1.902000000000000e+08 3.846223613409579e+06 2.519238394831791e+08 5.765113820469397e-01 4.083403838609273e-01 8.235128817023417e-03 6.913105275109420e-03 
1.906000000000000e+08 3.751787068694681e+06 2.543434824257426e+08 5.765113818288572e-01 4.083403838953699e-01 8.235128970392315e-03 6.913105305380525e-03 
1.910000000000000e+08 3.658571564417273e+06 2.567727087391558e+08 5.765113815631183e-01 4.083403839646432e-01 8.235129133075324e-03 6.913105339163231e-03 
1.914000000000000e+08 3.567532573319614e+06 2.591486687398052e+08 5.765113812765763e-01 4.083403840491732e-01 8.235129301030292e-03 6.913105373220206e-03 
1.918000000000000e+08 3.477874412375748e+06 2.615085592334845e+08 5.765113809952829e-01 4.083403841201117e-01 8.235129475694542e-03 6.913105408910829e-03 
1.922000000000000e+08 3.389955611340016e+06 2.638289882728138e+08 5.765113806932260e-01 4.083403842041940e-01 8.235129656810653e-03 6.913105445769330e-03 
1.926000000000000e+08 3.303611016737908e+06 2.661108735432310e+08 5.765113803746587e-01 4.083403842946688e-01 8.235129846391671e-03 6.913105484280848e-03 
1.930000000000000e+08 3.237422407846136e+06 2.678278017748171e+08 5.765113801339254e-01 4.083403843548420e-01 8.235129996400930e-03 6.913105514831595e-03 
1.934000000000000e+08 3.135410315334916e+06 2.705459357788849e+08 5.765113796591200e-01 4.083403845448210e-01 8.235130233627257e-03 6.913105562431710e-03 
1.938000000000000e+08 3.053753397249252e+06 2.726811930005722e+08 5.765113794175316e-01 4.083403845450242e-01 8.235130433568926e-03 6.913105603875433e-03 
1.942000000000000e+08 2.919807845116032e+06 2.761224977690973e+08 5.765113788958272e-01 4.083403846854740e-01 8.235130750432324e-03 6.913105668266323e-03 
1.946000000000000e+08 2.894928160990298e+06 2.767787924947205e+08 5.765113788280828e-01 4.083403846812968e-01 8.235130809344208e-03 6.913105681276286e-03 
1.950000000000000e+08 2.846362228828135e+06 2.780088638115791e+08 5.765113786228920e-01 4.083403847582435e-01 8.235130916777498e-03 6.913105702087071e-03 
1.954000000000000e+08 2.742065782008767e+06 2.806167772292538e+08 5.765113782697994e-01 4.083403848580132e-01 8.235131127201365e-03 6.913105744986074e-03 
1.958000000000000e+08 2.667719659656435e+06 2.824306901259327e+08 5.765113780851620e-01 4.083403849012399e-01 8.235131244885091e-03 6.913105768713105e-03 
1.962000000000000e+08 2.573455294749374e+06 2.846436156900136e+08 5.765113779330169e-01 4.083403849414352e-01 8.235131337991074e-03 6.913105787556977e-03 
1.966000000000000e+08 2.523444128575474e+06 2.858290628006153e+08 5.765113778456062e-01 4.083403849915503e-01 8.235131370436044e-03 6.913105792407597e-03 
1.970000000000000e+08 2.453328652810544e+06 2.874083894286022e+08 5.765113778816046e-01 4.083403849567585e-01 8.235131368682426e-03 6.913105792954562e-03 
1.974000000000000e+08 2.384642134831995e+06 2.889039385207386e+08 5.765113779882864e-01 4.083403849153944e-01 8.235131313900270e-03 6.913105782419012e-03 
1.978000000000000e+08 2.317392659959286e+06 2.903137476441078e+08 5.765113781969707e-01 4.083403848408851e-01 8.235131203340643e-03 6.913105758803704e-03 
1.982000000000000e+08 2.251339527527720e+06 2.916338812910595e+08 5.765113784479856e-01 4.083403847821030e-01 8.235131042771958e-03 6.913105727139483e-03 
1.986000000000000e+08 2.190318464334860e+06 2.927744851746120e+08 5.765113787718479e-01 4.083403847150234e-01 8.235130829593184e-03 6.913105683535628e-03 
1.990000000000000e+08 2.123349734318525e+06 2.940021273458862e+08 5.765113792276384e-01 4.083403845905169e-01 8.235130554856021e-03 6.913105626988542e-03 
1.994000000000000e+08 2.061379267811209e+06 2.950479239517403e+08 5.765113797399797e-01 4.083403844560342e-01 8.235130240530516e-03 6.913105563455683e-03 
1.998000000000000e+08 1.990652250324958e+06 2.961175383351123e+08 5.765113804254668e-01 4.083403842722340e-01 8.235129823739334e-03 6.913105478559793e-03 
2.002000000000000e+08 1.941024888148129e+06 2.968437628977814e+08 5.765113809189163e-01 4.083403841627654e-01 8.235129504652768e-03 6.913105413665541e-03 
2.006000000000000e+08 1.876834602493330e+06 2.976392860281155e+08 5.765113816861912e-01 4.083403839349840e-01 8.235129056531428e-03 6.913105322293378e-03 
2.010000000000000e+08 1.825681881767601e+06 2.982483367417717e+08 5.765113824032100e-01 4.083403836693282e-01 8.235128681238376e-03 6.913105246223544e-03 
2.014000000000000e+08 1.769873268766642e+06 2.988034646547623e+08 5.765113829784134e-01 4.083403836051642e-01 8.235128256698858e-03 6.913105159723598e-03 
2.018000000000000e+08 1.722547167846387e+06 2.991769026340026e+08 5.765113835915781e-01 4.083403834254872e-01 8.235127896813984e-03 6.913105086120754e-03 
2.022000000000000e+08 1.678557799275053e+06 2.994918342886214e+08 5.765113841528341e-01 4.083403832754336e-01 8.235127555178376e-03 6.913105016553736e-03 
2.026000000000000e+08 1.609399815148652e+06 2.998600392790680e+08 5.765113851308392e-01 4.083403829245485e-01 8.235127033668117e-03 6.913104910944193e-03 
2.030000000000000e+08 1.558119772237331e+06 3.000036301043930e+08 5.765113855819805e-01 4.083403829218910e-01 8.235126662199842e-03 6.913104833928685e-03 
2.034000000000000e+08 1.503664820371787e+06 3.000348460998166e+08 5.765113862287060e-01 4.083403827204677e-01 8.235126291572021e-03 6.913104759254209e-03 
2.038000000000000e+08 1.475165173084159e+06 3.000251488237734e+08 5.765113865436398e-01 4.083403826362744e-01 8.235126099868099e-03 6.913104720217847e-03 
2.042000000000000e+08 1.411269464434892e+06 2.998579544252682e+08 5.765113870761939e-01 4.083403825752169e-01 8.235125708977734e-03 6.913104639611404e-03 
2.046000000000000e+08 1.364519611950740e+06 2.996139715684738e+08 5.765113875286386e-01 4.083403824289670e-01 8.235125453754712e-03 6.913104588639686e-03 
2.050000000000000e+08 1.326932538533142e+06 2.993159442421332e+08 5.765113879116873e-01 4.083403822704947e-01 8.235125267167258e-03 6.913104550650578e-03 
2.054000000000000e+08 1.274038367677659e+06 2.988183377312183e+08 5.765113882084383e-01 4.083403822679725e-01 8.235125022735578e-03 6.913104500853676e-03 
2.058000000000000e+08 1.234953380752734e+06 2.983216592759574e+08 5.765113885541694e-01 4.083403820986667e-01 8.235124876149625e-03 6.913104471014270e-03 
2.062000000000000e+08 1.187742237895131e+06 2.976462178864880e+08 5.765113888095464e-01 4.083403820545443e-01 8.235124702141109e-03 6.913104433768288e-03 
2.066000000000000e+08 1.145989903567284e+06 2.969044463752508e+08 5.765113891100777e-01 4.083403818921147e-01 8.235124584472182e-03 6.913104413335302e-03 
2.070000000000000e+08 1.100947600789985e+06 2.959807238942106e+08 5.765113892128251e-01 4.083403819224545e-01 8.235124475353472e-03 6.913104389366989e-03 
2.074000000000000e+08 1.073265309842840e+06 2.953445259347376e+08 5.765113893090190e-01 4.083403818967080e-01 8.235124416829534e-03 6.913104377443578e-03 
2.078000000000000e+08 1.026845689475983e+06 2.941627193531504e+08 5.765113894427178e-01 4.083403818689145e-01 8.235124329603691e-03 6.913104358764009e-03 
2.082000000000000e+08 9.954772666887671e+05 2.932585286186775e+08 5.765113895212486e-01 4.083403818398900e-01 8.235124287726735e-03 6.913104351134781e-03 
2.086000000000000e+08 9.481677047955015e+05 2.917455552089041e+08 5.765113896132339e-01 4.083403818152549e-01 8.235124231779316e-03 6.913104339732063e-03 
2.090000000000000e+08 9.161448986354023e+05 2.906166361218700e+08 5.765113896138575e-01 4.083403818535041e-01 8.235124200713694e-03 6.913104331924809e-03 
2.094000000000000e+08 8.784389011007029e+05 2.891519046213662e+08 5.765113897088638e-01 4.083403817896342e-01 8.235124173624245e-03 6.913104327877532e-03 
2.098000000000000e+08 8.431822358030860e+05 2.876554492112913e+08 5.765113897405619e-01 4.083403817811409e-01 8.235124154349807e-03 6.913104323947342e-03 
2.102000000000000e+08 8.116254639836237e+05 2.862085996501901e+08 5.765113897635045e-01 4.083403817749901e-01 8.235124140401550e-03 6.913104321103994e-03 
2.106000000000000e+08 7.865033478074238e+05 2.849765350001079e+08 5.765113897781259e-01 4.083403817710690e-01 8.235124131513522e-03 6.913104319291727e-03 
2.110000000000000e+08 7.592557973348913e+05 2.835474082207901e+08 5.765113897904591e-01 4.083403817677645e-01 8.235124124016290e-03 6.913104317760158e-03 
2.114000000000000e+08 7.185183328224719e+05 2.812447191194122e+08 5.765113897883127e-01 4.083403817813056e-01 8.235124114798702e-03 6.913104315583028e-03 
2.118000000000000e+08 6.800927685304984e+05 2.788731043496642e+08 5.765113898117200e-01 4.083403817620576e-01 8.235124111096163e-03 6.913104315126185e-03 
2.122000000000000e+08 6.593835981896073e+05 2.775011101419582e+08 5.765113898586125e-01 4.083403817186341e-01 8.235124108218212e-03 6.913104314535169e-03 
2.126000000000000e+08 6.281205766595963e+05 2.753009024903896e+08 5.765113898183359e-01 4.083403817602856e-01 8.235124107075083e-03 6.913104314303360e-03 
2.130000000000000e+08 6.039056403586627e+05 2.734836595775341e+08 5.765113898203029e-01 4.083403817597576e-01 8.235124105879543e-03 6.913104314059931e-03 
2.134000000000000e+08 5.840211915425907e+05 2.719150047611343e+08 5.765113898215480e-01 4.083403817594227e-01 8.235124105121691e-03 6.913104313907463e-03 
2.138000000000000e+08 5.514154653128344e+05 2.691748020769700e+08 5.765113898228275e-01 4.083403817590818e-01 8.235124104344262e-03 6.913104313746552e-03 
2.142000000000000e+08 5.303563897053864e+05 2.672930399208056e+08 5.765113898233932e-01 4.083403817589294e-01 8.235124104000459e-03 6.913104313676933e-03 
2.146000000000000e+08 5.014478668007100e+05 2.645442652883565e+08 5.765113898238944e-01 4.083403817587938e-01 8.235124103694202e-03 6.913104313617637e-03 
2.150000000000000e+08 4.727754386192856e+05 2.616267033162434e+08 5.765113898241961e-01 4.083403817587128e-01 8.235124103511701e-03 6.913104313579256e-03 
2.154000000000000e+08 4.523986285793887e+05 2.594209037124282e+08 5.765113898243286e-01 4.083403817586783e-01 8.235124103430875e-03 6.913104313562144e-03 
2.158000000000000e+08 4.316891699365083e+05 2.570562926132051e+08 5.765113898244164e-01 4.083403817586556e-01 8.235124103376915e-03 6.913104313551225e-03 
2.162000000000000e+08 4.116359273753442e+05 2.546422871428329e+08 5.765113898244708e-01 4.083403817586431e-01 8.235124103343256e-03 6.913104313542852e-03 
2.166000000000000e+08 3.888273148967000e+05 2.517239364006694e+08 5.765113898245087e-01 4.083403817586350e-01 8.235124103320054e-03 6.913104313536344e-03 
2.170000000000000e+08 3.621345702994626e+05 2.480626997612484e+08 5.765113898245304e-01 4.083403817586309e-01 8.235124103305251e-03 6.913104313533404e-03 
2.174000000000000e+08 3.470234546525324e+05 2.458769487805807e+08 5.765113898245358e-01 4.083403817586290e-01 8.235124103300835e-03 6.913104313534509e-03 
2.178000000000000e+08 3.289321594975158e+05 2.431130724035436e+08 5.765113898245394e-01 4.083403817586287e-01 8.235124103297355e-03 6.913104313534535e-03 
2.182000000000000e+08 3.120628338118523e+05 2.403864466113575e+08 5.765113898245409e-01 4.083403817586324e-01 8.235124103295487e-03 6.913104313531247e-03 
2.186000000000000e+08 2.933082839620292e+05 2.371786004628128e+08 5.765113898245415e-01 4.083403817586319e-01 8.235124103294323e-03 6.913104313532118e-03 
2.190000000000000e+08 2.773854273465857e+05 2.342974861102039e+08 5.765113898245419e-01 4.083403817586316e-01 8.235124103293821e-03 6.913104313532690e-03 
2.194000000000000e+08 2.599315011795512e+05 2.309344644291918e+08 5.765113898245418e-01 4.083403817586326e-01 8.235124103293549e-03 6.913104313532251e-03 
2.198000000000000e+08 2.444714484137114e+05 2.277673544662105e+08 5.765113898245418e-01 4.083403817586314e-01 8.235124103293405e-03 6.913104313533496e-03 
2.202000000000000e+08 2.292205737634806e+05 2.244569424436510e+08 5.765113898245419e-01 4.083403817586314e-01 8.235124103293376e-03 6.913104313533312e-03 
2.206000000000000e+08 2.135730327783743e+05 2.208419738473637e+08 5.765113898245416e-01 4.083403817586317e-01 8.235124103293376e-03 6.913104313533314e-03 
2.210000000000000e+08 2.000744123513784e+05 2.175163535385781e+08 5.765113898245415e-01 4.083403817586317e-01 8.235124103293374e-03 6.913104313533312e-03 
2.214000000000000e+08 1.876601906000118e+05 2.142619080649377e+08 5.765113898245419e-01 4.083403817586338e-01 8.235124103293422e-03 6.913104313530961e-03 
2.218000000000000e+08 1.732885399411405e+05 2.102696482967556e+08 5.765113898245419e-01 4.083403817586325e-01 8.235124103293398e-03 6.913104313532292e-03 
2.222000000000000e+08 1.615327729152104e+05 2.067820895140623e+08 5.765113898245418e-01 4.083403817586317e-01 8.235124103293379e-03 6.913104313533187e-03 
2.226000000000000e+08 1.496344552547614e+05 2.030066961761500e+08 5.765113898245418e-01 4.083403817586314e-01 8.235124103293374e-03 6.913104313533313e-03 
2.230000000000000e+08 1.395456430139396e+05 1.996039367467759e+08 5.765113898245415e-01 4.083403817586319e-01 8.235124103293381e-03 6.913104313533314e-03 
2.234000000000000e+08 1.280375700265567e+05 1.954579454389013e+08 5.765113898245415e-01 4.083403817586331e-01 8.235124103293405e-03 6.913104313532027e-03 
2.238000000000000e+08 1.178188740815634e+05 1.915107810089794e+08 5.765113898245416e-01 4.083403817586317e-01 8.235124103293377e-03 6.913104313533314e-03 
2.242000000000000e+08 1.079005621770643e+05 1.874034413615198e+08 5.765113898245418e-01 4.083403817586337e-01 8.235124103293426e-03 6.913104313531196e-03 
2.246000000000000e+08 9.872719148462065e+04 1.833233536777206e+08 5.765113898245416e-01 4.083403817586331e-01 8.235124103293412e-03 6.913104313531914e-03 
2.250000000000000e+08 8.967874821206708e+04 1.789930797452709e+08 5.765113898245413e-01 4.083403817586345e-01 8.235124103293434e-03 6.913104313530871e-03 
2.254000000000000e+08 8.153743183050730e+04 1.747765417681001e+08 5.765113898245413e-01 4.083403817586336e-01 8.235124103293441e-03 6.913104313531541e-03 
2.258000000000000e+08 7.409995077800246e+04 1.706017052337533e+08 5.765113898245420e-01 4.083403817586274e-01 8.235124103297803e-03 6.913104313532792e-03 
2.262000000000000e+08 6.680743260302891e+04 1.661716705964897e+08 5.765113898245599e-01 4.083403817585178e-01 8.235124103389019e-03 6.913104313533315e-03 
2.266000000000000e+08 5.978306404870272e+04 1.615193305424524e+08 5.765113898246638e-01 4.083403817579294e-01 8.235124103873562e-03 6.913104313533313e-03 
2.270000000000000e+08 5.366621144204983e+04 1.570749299029144e+08 5.765113898248386e-01 4.083403817569640e-01 8.235124104664003e-03 6.913104313533313e-03 
2.274000000000000e+08 4.780877919059697e+04 1.524170895324512e+08 5.765113898250089e-01 4.083403817560531e-01 8.235124105405091e-03 6.913104313532960e-03 
2.278000000000000e+08 4.244628934540362e+04 1.477040822032597e+08 5.765113898251165e-01 4.083403817554924e-01 8.235124105857788e-03 6.913104313533314e-03 
2.282000000000000e+08 3.757070660950268e+04 1.429461973229190e+08 5.765113898251709e-01 4.083403817552171e-01 8.235124106078698e-03 6.913104313533315e-03 
2.286000000000000e+08 3.284945853797169e+04 1.378219694614561e+08 5.765113898251956e-01 4.083403817550977e-01 8.235124106174312e-03 6.913104313532273e-03 
2.290000000000000e+08 2.866743641779899e+04 1.327439866320611e+08 5.765113898252050e-01 4.083403817550523e-01 8.235124106209699e-03 6.913104313533081e-03 
2.294000000000000e+08 2.482688739515950e+04 1.275456356442455e+08 5.765113898252086e-01 4.083403817550361e-01 8.235124106222376e-03 6.913104313533083e-03 
2.298000000000000e+08 2.130458470632725e+04 1.222086726577538e+08 5.765113898252093e-01 4.083403817550313e-01 8.235124106226550e-03 6.913104313532718e-03 
2.302000000000000e+08 1.811989201598411e+04 1.167794008606061e+08 5.765113898252094e-01 4.083403817550300e-01 8.235124106227792e-03 6.913104313532742e-03 
2.306000000000000e+08 1.534646048507663e+04 1.114347972842447e+08 5.765113898252097e-01 4.083403817550293e-01 8.235124106228132e-03 6.913104313532885e-03 
2.310000000000000e+08 1.280287741172536e+04 1.058596389013239e+08 5.765113898252097e-01 4.083403817550295e-01 8.235124106228226e-03 6.913104313532687e-03 
2.314000000000000e+08 1.052671397714598e+04 1.001396661572301e+08 5.765113898252094e-01 4.083403817550290e-01 8.235124106228228e-03 6.913104313533313e-03 
2.318000000000000e+08 8.588084421041458e+03 9.450329605519110e+07 5.765113898252093e-01 4.083403817550291e-01 8.235124106228231e-03 6.913104313533313e-03 
2.322000000000000e+08 6.899830480421791e+03 8.879331412161264e+07 5.765113898252093e-01 4.083403817550305e-01 8.235124106228257e-03 6.913104313531949e-03 
2.326000000000000e+08 5.500990215057747e+03 8.324083483597933e+07 5.765113898252093e-01 4.083403817550304e-01 8.235124106228257e-03 6.913104313531900e-03 
2.330000000000000e+08 4.244469853841833e+03 7.732712331215523e+07 5.765113898252093e-01 4.083403817550309e-01 8.235124106228262e-03 6.913104313531490e-03 
2.334000000000000e+08 3.212387453334579e+03 7.145775193006517e+07 5.765113898252092e-01 4.083403817550309e-01 8.235124106228264e-03 6.913104313531667e-03 
2.338000000000000e+08 2.391324725820073e+03 6.573567521638720e+07 5.765113898252093e-01 4.083403817550308e-01 8.235124106228262e-03 6.913104313531676e-03 
2.342000000000000e+08 1.714061815873462e+03 5.985787594865599e+07 5.765113898252092e-01 4.083403817550308e-01 8.235124106228262e-03 6.913104313531735e-03 
2.346000000000000e+08 1.181947715235850e+03 5.394511788918675e+07 5.765113898252092e-01 4.083403817550303e-01 8.235124106228254e-03 6.913104313532177e-03 
2.350000000000000e+08 7.896790014047946e+02 4.815703268797772e+07 5.765113898252092e-01 4.083403817550305e-01 8.235124106228255e-03 6.913104313532042e-03 
2.354000000000000e+08 4.934367710670534e+02 4.216758782409328e+07 5.765113898252093e-01 4.083403817550304e-01 8.235124106228255e-03 6.913104313532009e-03 
2.358000000000000e+08 2.864356579330872e+02 3.630331245451410e+07 5.765113898252093e-01 4.083403817550308e-01 8.235124106228266e-03 6.913104313531528e-03 
2.362000000000000e+08 1.476580336986760e+02 3.035642909170656e+07 5.765113898252092e-01 4.083403817550306e-01 8.235124106228259e-03 6.913104313531821e-03 
2.366000000000000e+08 6.667082012406487e+01 2.459406107246328e+07 5.765113898252093e-01 4.083403817550306e-01 8.235124106228260e-03 6.913104313531783e-03 
2.370000000000000e+08 2.433165143287554e+01 1.891177426674343e+07 5.765113898252093e-01 4.083403817550308e-01 8.235124106228264e-03 6.913104313531570e-03 
2.374000000000000e+08 6.270114106745498e+00 1.329459407235816e+07 5.765113898252093e-01 4.083403817550306e-01 8.235124106228267e-03 6.913104313531648e-03 
2.378000000000000e+08 7.825587807066049e-01 8.165624078514490e+06 5.765113898252094e-01 4.083403817550306e-01 8.235124106228260e-03 6.913104313531731e-03 
2.382000000000000e+08 2.633918408837797e-02 3.925516600641749e+06 5.765113898252094e-01 4.083403817550306e-01 8.235124106228266e-03 6.913104313531712e-03 
